date,SP500,DOWJONES,NASDAQ100,RUSSEL2000,EUROSTOXX50,FTSE100,CAC40,DAX40,HSI,NIKKEI225,ASX200,NIFTY50,VIX,SHENZHEN
2025-12-23 00:00:00,,48731.16015625,,,,,,,,,,,,
2025-12-16 00:00:00,6932.0498046875,48442.41015625,25656.146484375,2548.08056640625,5746.240234375,9870.6796875,8103.580078125,24340.060546875,25818.9296875,50787.94140625,8752.5,26142.099609375,13.470000267028809,13531.4111328125
2025-12-09 00:00:00,6834.5,48114.26171875,25346.1796875,2529.429931640625,5760.35009765625,9897.400390625,8151.3798828125,24288.400390625,25690.529296875,49507.2109375,8610.900390625,25966.400390625,14.90999984741211,13140.2099609375
2025-12-02 00:00:00,6827.41015625,47560.2890625,25196.73046875,2551.4599609375,5720.7099609375,9649.0,8068.6201171875,24186.490234375,25976.7890625,50836.55078125,8685.2998046875,26046.94921875,15.739999771118164,13258.330078125
2025-11-25 00:00:00,6870.39990234375,47474.4609375,25692.05078125,2521.47998046875,5723.93017578125,9667.0,8114.740234375,24028.140625,26085.080078125,50491.87109375,8625.0,26186.44921875,15.40999984741211,13147.6796875
2025-11-18 00:00:00,6849.08984375,47112.44921875,25434.890625,2500.429931640625,5668.169921875,9720.5,8122.7099609375,23836.7890625,25858.890625,50253.91015625,8603.900390625,26202.94921875,16.350000381469727,12984.080078125
2025-11-11 00:00:00,6602.990234375,46091.73828125,24239.5703125,2369.590087890625,5515.08984375,9539.7001953125,7982.64990234375,23091.869140625,25220.01953125,48625.87890625,8412.099609375,26068.150390625,23.43000030517578,12538.0703125
2025-11-04 00:00:00,6734.10986328125,47927.9609375,25008.240234375,2388.22998046875,5693.77001953125,9698.400390625,8170.08984375,23876.55078125,26572.4609375,50376.53125,8628.400390625,25910.05078125,19.829999923706055,13216.0302734375
2025-10-28 00:00:00,6728.7998046875,47085.23828125,25059.810546875,2432.820068359375,5566.52978515625,9682.599609375,7950.18017578125,23569.9609375,26241.830078125,50276.37109375,8771.400390625,25492.30078125,19.079999923706055,13404.0595703125
2025-10-21 00:00:00,6840.2001953125,47706.37109375,25858.130859375,2479.3798828125,5662.0400390625,9717.2998046875,8121.06982421875,23958.30078125,25906.650390625,52411.33984375,8887.2001953125,25722.099609375,17.440000534057617,13378.2099609375
2025-10-14 00:00:00,6791.68994140625,46924.73828125,25358.16015625,2513.469970703125,5674.5,9645.599609375,8225.6298828125,24239.890625,26160.150390625,49299.6484375,9022.599609375,25795.150390625,16.3700008392334,13289.1796875
2025-10-07 00:00:00,6664.009765625,46270.4609375,24817.94921875,2452.169921875,5607.39013671875,9354.599609375,8174.2001953125,23830.990234375,25247.099609375,47582.1484375,8992.400390625,25709.849609375,20.780000686645508,12688.9404296875
2025-09-30 00:00:00,6552.509765625,46602.98046875,24221.740234375,2394.590087890625,5531.31982421875,9427.5,7918.0,24241.4609375,26290.3203125,48088.80078125,8956.7001953125,25285.349609375,21.65999984741211,13355.419921875
2025-09-23 00:00:00,6715.7900390625,46397.890625,24785.51953125,2476.179931640625,5651.7099609375,9491.2998046875,8081.5400390625,24378.80078125,27140.919921875,45769.5,8985.400390625,24894.25,16.649999618530273,13526.509765625
2025-09-16 00:00:00,6643.7001953125,46292.78125,24503.849609375,2434.320068359375,5499.7001953125,9284.7998046875,7870.68017578125,23739.470703125,26128.19921875,45354.98828125,8786.099609375,24654.69921875,15.289999961853027,13209.0
2025-09-09 00:00:00,6664.35986328125,45757.8984375,24626.25,2448.77001953125,5458.419921875,9216.7001953125,7853.58984375,23639.41015625,26545.099609375,45045.80859375,8772.2001953125,25327.05078125,15.449999809265137,13070.8603515625
2025-09-02 00:00:00,6584.2900390625,45711.33984375,24092.189453125,2397.06005859375,5390.7099609375,9283.2998046875,7825.240234375,23698.150390625,26388.16015625,44768.12109375,8864.5,25114.0,14.760000228881836,12924.1298828125
2025-08-26 00:00:00,6481.5,45295.80859375,23652.439453125,2391.050048828125,5318.14990234375,9208.2001953125,7674.77978515625,23596.98046875,25417.98046875,43018.75,8869.099609375,24741.0,15.180000305175781,12590.5595703125
2025-08-19 00:00:00,6460.259765625,45418.0703125,23415.419921875,2366.419921875,5351.72998046875,9187.2998046875,7703.89990234375,23902.2109375,25077.619140625,42718.46875,8972.599609375,24426.849609375,15.359999656677246,12696.150390625
2025-08-12 00:00:00,6466.91015625,44922.26953125,23498.119140625,2361.949951171875,5488.22998046875,9321.400390625,7969.68994140625,24363.08984375,25339.140625,42633.2890625,8962.7001953125,24870.099609375,14.220000267028809,12166.0595703125
2025-08-05 00:00:00,6449.7998046875,44458.609375,23712.0703125,2286.52001953125,5448.60986328125,9138.900390625,7923.4501953125,24359.30078125,25270.0703125,43378.30859375,8934.099609375,24631.30078125,15.09000015258789,11634.669921875
2025-07-29 00:00:00,6389.4501953125,44111.73828125,23611.26953125,2218.419921875,5347.740234375,9095.7001953125,7743.0,24162.859375,24858.8203125,41820.48046875,8797.7998046875,24363.30078125,15.149999618530273,11128.669921875
2025-07-22 00:00:00,6238.009765625,44632.98828125,22763.310546875,2166.780029296875,5165.60009765625,9068.599609375,7546.16015625,23425.970703125,24507.810546875,40799.6015625,8651.2998046875,24565.349609375,20.3799991607666,10991.3203125
2025-07-15 00:00:00,6388.64013671875,44502.44140625,23272.25,2261.070068359375,5352.16015625,9120.2998046875,7834.580078125,24217.5,25388.349609375,41456.23046875,8660.900390625,24837.0,14.930000305175781,11168.1396484375
2025-07-08 00:00:00,6296.7900390625,44023.2890625,23065.470703125,2240.010009765625,5359.22998046875,8992.099609375,7822.669921875,24289.509765625,24825.66015625,39819.109375,8758.7998046875,24968.400390625,16.40999984741211,10913.83984375
2025-07-01 00:00:00,6259.75,44240.76171875,22780.599609375,2234.830078125,5383.47998046875,8941.099609375,7829.2900390625,24255.310546875,24139.5703125,39569.6796875,8579.2998046875,25149.849609375,16.399999618530273,10696.099609375
2025-06-24 00:00:00,6279.35009765625,44494.94140625,22866.970703125,2249.0400390625,5288.81005859375,8822.900390625,7696.27001953125,23787.44921875,23916.060546875,39810.87890625,8598.900390625,25461.0,16.3799991607666,10508.759765625
2025-06-17 00:00:00,6173.06982421875,43089.01953125,22534.19921875,2172.530029296875,5325.64013671875,8798.900390625,7691.5498046875,24033.220703125,24284.150390625,40150.7890625,8513.7001953125,25637.80078125,16.31999969482422,10378.5498046875
2025-06-10 00:00:00,5967.83984375,42215.80078125,21626.390625,2109.27001953125,5233.580078125,8774.7001953125,7589.66015625,23350.55078125,23530.48046875,38403.23046875,8504.7998046875,25112.400390625,20.6200008392334,10005.0302734375
2025-06-03 00:00:00,5976.97021484375,42866.87109375,21631.0390625,2100.510009765625,5290.47021484375,8850.599609375,7684.68017578125,23516.23046875,23892.560546875,37834.25,8549.0,24718.599609375,20.81999969482422,10122.1103515625
2025-05-27 00:00:00,6000.35986328125,42519.640625,21761.7890625,2132.25,5430.169921875,8837.900390625,7804.8701171875,24304.4609375,23792.5390625,37741.609375,8518.599609375,25003.05078125,16.770000457763672,10183.7001953125
2025-05-20 00:00:00,5911.68994140625,42343.6484375,21340.990234375,2066.2900390625,5366.58984375,8772.400390625,7751.89013671875,23997.48046875,23289.76953125,37965.1015625,8437.599609375,24750.69921875,18.56999969482422,10040.6298828125
2025-05-13 00:00:00,5802.81982421875,42677.23828125,20915.66015625,2039.8499755859375,5326.31005859375,8718.0,7734.39990234375,23629.580078125,23601.259765625,37160.46875,8364.0,24853.150390625,22.290000915527344,10132.41015625
2025-05-06 00:00:00,5958.3798828125,42140.4296875,21427.939453125,2113.25,5427.52978515625,8684.599609375,7886.68994140625,23767.4296875,23345.05078125,37753.71875,8345.2001953125,25019.80078125,17.239999771118164,10179.599609375
2025-04-29 00:00:00,5659.91015625,40829.0,20061.44921875,2023.0699462890625,5309.740234375,8554.7998046875,7743.75,23499.3203125,22867.740234375,37503.328125,8232.599609375,24008.0,21.899999618530273,10126.830078125
2025-04-22 00:00:00,5686.669921875,40527.62109375,20102.609375,2020.739990234375,5285.18994140625,8596.400390625,7770.47998046875,23086.650390625,22504.6796875,36830.69140625,8243.2001953125,24346.69921875,22.68000030517578,9899.8203125
2025-04-15 00:00:00,5525.2099609375,39186.98046875,19432.560546875,1957.6199951171875,5154.1201171875,8415.2998046875,7536.259765625,22242.44921875,21980.740234375,35705.73828125,7962.7001953125,24039.349609375,24.84000015258789,9917.0595703125
2025-04-08 00:00:00,5282.7001953125,40368.9609375,18258.08984375,1880.6199951171875,4935.33984375,8275.7001953125,7285.85986328125,21205.859375,21395.140625,34730.28125,7815.10009765625,23851.650390625,29.649999618530273,9781.650390625
2025-04-01 00:00:00,5363.35986328125,37645.58984375,18690.05078125,1860.199951171875,4787.22998046875,7964.2001953125,7104.7998046875,20374.099609375,20914.689453125,33585.578125,7638.7001953125,22828.55078125,37.560001373291016,9834.4404296875
2025-03-25 00:00:00,5074.080078125,41989.9609375,17397.69921875,1827.030029296875,4878.31005859375,8055.0,7274.9501953125,20641.720703125,22849.810546875,33780.578125,7662.39990234375,22904.44921875,45.310001373291016,10365.73046875
2025-03-18 00:00:00,5580.93994140625,42587.5,19281.400390625,2023.27001953125,5331.39990234375,8658.900390625,7916.080078125,22461.51953125,23426.599609375,37120.328125,7977.10009765625,23519.349609375,21.649999618530273,10607.330078125
2025-03-11 00:00:00,5667.56005859375,41581.30859375,19753.970703125,2056.97998046875,5423.830078125,8646.7998046875,8042.9501953125,22891.6796875,23689.720703125,37677.05859375,7924.60009765625,23350.400390625,19.280000686645508,10687.5498046875
2025-03-04 00:00:00,5638.93994140625,41433.48046875,19704.640625,2044.0999755859375,5404.18017578125,8632.2998046875,8028.27978515625,22986.8203125,23959.98046875,37053.1015625,7780.7998046875,22397.19921875,21.770000457763672,10978.2998046875
2025-02-25 00:00:00,5770.2001953125,42520.98828125,20201.369140625,2075.47998046875,5468.41015625,8679.900390625,8120.7998046875,23008.939453125,24231.30078125,36887.171875,7941.0,22552.5,23.3700008392334,10843.73046875
2025-02-18 00:00:00,5954.5,43621.16015625,20884.41015625,2163.070068359375,5463.5400390625,8809.7001953125,8111.6298828125,22551.4296875,22941.3203125,37155.5,8165.89990234375,22124.69921875,19.6299991607666,10611.240234375
2025-02-11 00:00:00,6013.1298828125,44556.33984375,21614.080078125,2195.35009765625,5474.85009765625,8659.400390625,8154.509765625,22287.560546875,23477.919921875,38776.94140625,8289.400390625,22795.900390625,18.209999084472656,10991.3701171875
2025-02-04 00:00:00,6114.6298828125,44593.6484375,22114.689453125,2279.97998046875,5493.39990234375,8732.5,8178.5400390625,22513.419921875,22620.330078125,39149.4296875,8547.5,22929.25,14.770000457763672,10749.4599609375
2025-01-28 00:00:00,6025.990234375,44556.0390625,21491.310546875,2279.7099609375,5325.39990234375,8700.5,7973.02978515625,21787.0,21133.5390625,38787.01953125,8504.2001953125,23559.94921875,16.540000915527344,10576.0
2025-01-21 00:00:00,6040.52978515625,44850.3515625,21478.05078125,2287.68994140625,5286.8701171875,8674.0,7950.169921875,21732.05078125,20225.109375,39572.48828125,8518.5,23482.150390625,16.43000030517578,10156.0703125
2025-01-14 00:00:00,6101.240234375,44025.80859375,21774.009765625,2307.739990234375,5219.3701171875,8502.400390625,7927.6201171875,21394.9296875,20066.189453125,39931.98046875,8397.0,23092.19921875,14.850000381469727,10292.73046875
2025-01-07 00:00:00,5996.66015625,42518.28125,21441.16015625,2275.8798828125,5148.2998046875,8505.2001953125,7709.75,20903.390625,19584.060546875,38451.4609375,8296.2998046875,23203.19921875,15.970000267028809,10161.3203125
2024-12-31 00:00:00,5827.0400390625,42528.359375,20847.580078125,2189.22998046875,4977.259765625,8248.5,7431.0400390625,20214.7890625,19064.2890625,39190.3984375,8285.2001953125,23431.5,19.540000915527344,9795.9404296875
2024-12-24 00:00:00,5942.47021484375,42544.21875,21326.16015625,2268.469970703125,4871.4501953125,8224.0,7282.22021484375,19906.080078125,19760.26953125,39894.5390625,8243.400390625,24004.75,16.1299991607666,9897.1201171875
2024-12-17 00:00:00,5970.83984375,43297.03125,21473.01953125,2244.590087890625,4898.8798828125,8149.7998046875,7355.3701171875,19984.3203125,20090.4609375,40281.16015625,8251.5,23813.400390625,15.949999809265137,10659.98046875
2024-12-10 00:00:00,5930.85009765625,43449.8984375,21289.150390625,2242.3701171875,4862.27978515625,8084.60009765625,7274.47998046875,19884.75,19720.69921875,38701.8984375,8057.0,23587.5,18.360000610351562,10646.6201171875
2024-12-03 00:00:00,6051.08984375,44247.828125,21780.25,2346.89990234375,4967.9501953125,8300.2998046875,7409.56982421875,20405.919921875,19971.240234375,39470.44140625,8283.5,24768.30078125,13.8100004196167,10713.0703125
2024-11-26 00:00:00,6090.27001953125,44705.53125,21622.25,2408.989990234375,4977.77978515625,8308.599609375,7426.8798828125,20384.609375,19865.849609375,39091.171875,8412.7001953125,24677.80078125,12.770000457763672,10791.33984375
2024-11-19 00:00:00,6032.3798828125,44860.30859375,20930.369140625,2434.72998046875,4804.39990234375,8287.2998046875,7235.10986328125,19626.44921875,19423.609375,38208.03125,8425.2998046875,24131.099609375,13.510000228881836,10611.7197265625
2024-11-12 00:00:00,5969.33984375,43268.94140625,20776.23046875,2406.669921875,4789.080078125,8262.099609375,7255.009765625,19322.58984375,19229.970703125,38283.8515625,8383.0,23907.25,15.239999771118164,10438.7197265625
2024-11-05 00:00:00,5870.6201171875,43910.98046875,20394.130859375,2303.840087890625,4794.85009765625,8063.60009765625,7269.6298828125,19210.810546875,19426.33984375,38642.91015625,8282.099609375,23532.69921875,16.139999389648438,10748.9697265625
2024-10-29 00:00:00,5995.5400390625,42221.87890625,21117.1796875,2399.639892578125,4802.759765625,8072.39990234375,7338.669921875,19215.48046875,20728.189453125,39500.37109375,8291.0,24148.19921875,14.9399995803833,11161.7001953125
2024-10-22 00:00:00,5728.7998046875,42233.05078125,20033.140625,2210.1298828125,4877.75,8177.2001953125,7409.10986328125,19254.970703125,20506.4296875,38053.671875,8113.39990234375,24304.349609375,21.8799991607666,10455.5
2024-10-15 00:00:00,5808.1201171875,42924.890625,20352.01953125,2207.989990234375,4943.08984375,8248.7998046875,7497.5400390625,19463.58984375,20590.150390625,37913.921875,8205.599609375,24180.80078125,20.329999923706055,10619.849609375
2024-10-08 00:00:00,5864.669921875,42740.421875,20324.0390625,2276.090087890625,4986.27001953125,8358.2998046875,7613.0498046875,19657.369140625,20804.109375,38981.75,8277.2001953125,24854.05078125,18.030000686645508,10357.6796875
2024-10-01 00:00:00,5815.02978515625,42080.37109375,20271.970703125,2234.409912109375,5003.919921875,8253.7001953125,7577.89013671875,19373.830078125,21251.98046875,39605.80078125,8211.2998046875,24964.25,20.459999084472656,10060.740234375
2024-09-24 00:00:00,5751.06982421875,42156.96875,20035.01953125,2212.800048828125,4954.93994140625,8280.599609375,7541.35986328125,19120.9296875,22736.869140625,38635.62109375,8155.2001953125,25014.599609375,19.209999084472656,10529.759765625
2024-09-17 00:00:00,5738.169921875,42208.21875,20008.619140625,2224.699951171875,5067.4501953125,8320.7998046875,7791.7900390625,19473.630859375,20632.30078125,39829.55859375,8218.5,26178.94921875,16.959999084472656,9514.8603515625
2024-09-10 00:00:00,5702.5498046875,41606.1796875,19791.490234375,2227.889892578125,4871.5400390625,8230.0,7500.259765625,18720.009765625,18258.5703125,37723.91015625,8212.0,25790.94921875,16.149999618530273,8075.14013671875
2024-09-03 00:00:00,5626.02001953125,40736.9609375,19514.58984375,2182.489990234375,4843.990234375,8273.099609375,7465.25,18699.400390625,17369.08984375,36581.76171875,8095.7001953125,25356.5,16.559999465942383,7983.5498046875
2024-08-27 00:00:00,5408.419921875,40936.9296875,18421.310546875,2091.409912109375,4738.06005859375,8181.5,7352.2998046875,18301.900390625,17444.30078125,36391.46875,8008.7001953125,24852.150390625,22.3799991607666,8130.77001953125
2024-08-20 00:00:00,5648.39990234375,41250.5,19574.640625,2217.6298828125,4957.97998046875,8376.599609375,7630.9501953125,18906.919921875,17989.0703125,38647.75,8090.7001953125,25235.900390625,15.0,8348.48046875
2024-08-13 00:00:00,5634.60986328125,40834.96875,19720.869140625,2218.699951171875,4909.2001953125,8327.7998046875,7577.0400390625,18633.099609375,17612.099609375,38364.26953125,8026.89990234375,24823.150390625,15.859999656677246,8181.919921875
2024-08-06 00:00:00,5554.25,39765.640625,19508.51953125,2141.919921875,4840.52001953125,8311.400390625,7449.7001953125,18322.400390625,17430.16015625,38062.671875,7974.2998046875,24541.150390625,14.800000190734863,8349.8701171875
2024-07-30 00:00:00,5344.16015625,38997.66015625,18513.099609375,2080.919921875,4675.27978515625,8168.10009765625,7269.7099609375,17722.880859375,17090.23046875,35025.0,7779.10009765625,24367.5,20.3700008392334,8393.7001953125
2024-07-23 00:00:00,5346.56005859375,40743.328125,18440.849609375,2109.31005859375,4638.7001953125,8174.7001953125,7251.7998046875,17661.220703125,16945.509765625,35909.69921875,7948.7001953125,24717.69921875,23.389999389648438,8553.5498046875
2024-07-16 00:00:00,5459.10009765625,40358.08984375,19023.66015625,2260.070068359375,4862.5,8285.7001953125,7517.68017578125,18417.55078125,17021.310546875,37667.41015625,7931.10009765625,24834.849609375,16.389999389648438,8597.169921875
2024-07-09 00:00:00,5505.0,40954.48046875,19522.619140625,2184.35009765625,4827.240234375,8155.7001953125,7534.52001953125,18171.9296875,17417.6796875,40063.7890625,7983.7001953125,24530.900390625,16.520000457763672,8903.23046875
2024-07-02 00:00:00,5615.35009765625,39291.96875,20331.490234375,2148.27001953125,5043.02001953125,8252.900390625,7724.31982421875,18748.1796875,18293.380859375,41190.6796875,7975.2998046875,24502.150390625,12.460000038146973,8854.080078125
2024-06-25 00:00:00,5567.18994140625,39331.8515625,20391.970703125,2026.72998046875,4979.39013671875,8203.900390625,7675.6201171875,18475.44921875,17799.609375,40912.37109375,7842.5,24323.849609375,12.479999542236328,8695.5498046875
2024-06-18 00:00:00,5460.47998046875,39112.16015625,19682.869140625,2047.68994140625,4894.02001953125,8164.10009765625,7479.39990234375,18235.44921875,17718.609375,39583.078125,7783.7001953125,24010.599609375,12.4399995803833,8848.7001953125
2024-06-11 00:00:00,5464.6201171875,38834.859375,19700.4296875,2022.030029296875,4907.2998046875,8237.7001953125,7628.56982421875,18163.51953125,18028.51953125,38596.46875,7806.89990234375,23501.099609375,13.199999809265137,9064.83984375
2024-06-04 00:00:00,5431.60009765625,38747.421875,19659.80078125,2006.1600341796875,4839.14013671875,8146.89990234375,7503.27001953125,18002.01953125,17941.779296875,38814.55859375,7734.10009765625,23465.599609375,12.65999984741211,9252.25
2024-05-28 00:00:00,5346.990234375,38711.2890625,19000.94921875,2026.550048828125,5051.31005859375,8245.400390625,8001.7998046875,18557.26953125,18366.94921875,38683.9296875,7868.7998046875,23290.150390625,12.220000267028809,9255.6796875
2024-05-21 00:00:00,5277.509765625,38852.859375,18536.650390625,2070.1298828125,4983.669921875,8275.400390625,7992.8701171875,18497.939453125,18079.609375,38487.8984375,7710.39990234375,22530.69921875,12.920000076293945,9364.3798828125
2024-05-14 00:00:00,5304.72021484375,39872.98828125,18808.349609375,2069.669921875,5035.41015625,8317.599609375,8094.97021484375,18693.369140625,18608.939453125,38646.109375,7735.89990234375,22957.099609375,11.930000305175781,9424.580078125
2024-05-07 00:00:00,5303.27001953125,39558.109375,18546.23046875,2095.719970703125,5064.14013671875,8420.2998046875,8167.5,18704.419921875,19553.609375,38787.37890625,7821.39990234375,22466.099609375,11.989999771118164,9709.419921875
2024-04-30 00:00:00,5222.68017578125,38884.26171875,18161.1796875,2059.780029296875,5085.080078125,8433.7998046875,8219.1396484375,18772.849609375,18963.6796875,38229.109375,7753.2998046875,22055.19921875,12.550000190734863,9731.240234375
2024-04-23 00:00:00,5127.7900390625,37815.921875,17890.80078125,2035.719970703125,4921.47998046875,8213.5,7957.56982421875,18001.599609375,18475.919921875,38236.0703125,7630.2998046875,22475.849609375,13.489999771118164,9587.1201171875
2024-04-16 00:00:00,5099.9599609375,38503.69140625,17718.30078125,2002.0,5006.85009765625,8139.7998046875,8088.240234375,18161.009765625,17651.150390625,37934.76171875,7582.10009765625,22419.94921875,15.029999732971191,9463.91015625
2024-04-09 00:00:00,4967.22998046875,37798.96875,17037.650390625,1947.6600341796875,4918.08984375,7895.89990234375,8022.41015625,17737.359375,16224.1396484375,37068.3515625,7584.89990234375,22147.0,18.709999084472656,9279.4599609375
2024-04-02 00:00:00,5123.41015625,38883.671875,18003.490234375,2003.1700439453125,4955.009765625,7995.60009765625,8010.830078125,17930.3203125,16721.689453125,39523.55078125,7805.7001953125,22519.400390625,17.309999465942383,9228.23046875
2024-03-26 00:00:00,5204.33984375,39170.23828125,18108.4609375,2063.469970703125,5014.75,7911.2001953125,8061.31005859375,18175.0390625,16723.919921875,38992.078125,7793.7001953125,22513.69921875,16.030000686645508,9544.76953125
2024-03-19 00:00:00,5254.35009765625,39282.328125,18254.689453125,2124.550048828125,5083.419921875,7952.60009765625,8205.8095703125,18492.490234375,16541.419921875,40369.44140625,7914.2001953125,22326.900390625,13.010000228881836,9400.849609375
2024-03-12 00:00:00,5234.18017578125,39110.76171875,18339.439453125,2072.0,5031.14990234375,7930.89990234375,8151.919921875,18205.939453125,16499.470703125,40888.4296875,7786.2001953125,22096.75,13.0600004196167,9565.5595703125
2024-03-05 00:00:00,5117.08984375,39005.48828125,17808.25,2039.3199462890625,4986.02001953125,7727.39990234375,8164.35009765625,17936.650390625,16720.890625,38707.640625,7687.39990234375,22023.349609375,14.40999984741211,9612.75
2024-02-27 00:00:00,5123.68994140625,38585.19140625,18018.44921875,2082.7099609375,4961.10986328125,7659.7001953125,8028.009765625,17814.509765625,16353.3896484375,39688.94140625,7867.10009765625,22493.55078125,14.739999771118164,9369.0498046875
2024-02-20 00:00:00,5137.080078125,38972.41015625,18302.91015625,2076.389892578125,4894.85986328125,7682.5,7934.169921875,17735.0703125,16589.439453125,39910.8203125,7766.7001953125,22338.75,13.109999656677246,9434.75
2024-02-13 00:00:00,5088.7998046875,38563.80078125,17937.609375,2016.68994140625,4872.56982421875,7706.2998046875,7966.68017578125,17419.330078125,16725.859375,39098.6796875,7665.39990234375,22212.69921875,13.75,9069.419921875
2024-02-06 00:00:00,5005.56982421875,38272.75,17685.98046875,2045.1400146484375,4765.64990234375,7711.7001953125,7768.18017578125,17117.439453125,16339.9599609375,38487.23828125,7676.0,22040.69921875,14.239999771118164,
2024-01-30 00:00:00,5026.60986328125,38521.359375,17962.41015625,2009.989990234375,4715.8701171875,7572.60009765625,7647.52001953125,16926.5,15746.580078125,36897.421875,7658.2001953125,21782.5,12.930000305175781,8820.599609375
2024-01-23 00:00:00,4958.60986328125,38467.30859375,17642.73046875,1962.72998046875,4654.5498046875,7615.5,7592.259765625,16918.2109375,15533.5595703125,36158.01953125,7707.7001953125,21853.80078125,13.850000381469727,8055.77001953125
2024-01-16 00:00:00,4890.97021484375,37905.44921875,17421.009765625,1978.3299560546875,4635.47021484375,7635.10009765625,7634.14013671875,16961.390625,15952.23046875,35751.0703125,7565.5,21352.599609375,13.260000228881836,8762.330078125
2024-01-09 00:00:00,4839.81005859375,37361.12109375,17314.0,1944.3900146484375,4448.830078125,7461.89990234375,7371.64013671875,16555.130859375,15308.6904296875,35963.26953125,7432.5,21622.400390625,13.300000190734863,8787.01953125
2024-01-02 00:00:00,4783.830078125,37525.16015625,16832.919921875,1950.9599609375,4480.02001953125,7624.89990234375,7465.14013671875,16704.560546875,16244.580078125,35577.109375,7504.7001953125,21894.55078125,12.699999809265137,8996.259765625
2023-12-26 00:00:00,4697.240234375,37715.0390625,16305.98046875,1951.1400146484375,4463.509765625,7689.60009765625,7420.68994140625,16594.2109375,16535.330078125,33377.421875,7491.39990234375,21710.80078125,13.350000381469727,9116.4404296875
2023-12-19 00:00:00,4769.830078125,37545.328125,16825.9296875,2027.0699462890625,4521.64990234375,7733.2001953125,7543.18017578125,16751.640625,17047.390625,33464.171875,7592.39990234375,21731.400390625,12.449999809265137,9524.6904296875
2023-12-12 00:00:00,4754.6298828125,37557.921875,16777.400390625,2033.9599609375,4521.47021484375,7697.5,7568.81982421875,16706.1796875,16340.41015625,33169.05078125,7501.60009765625,21349.400390625,13.029999732971191,9221.3095703125
2023-12-05 00:00:00,4719.18994140625,36577.94140625,16623.44921875,1985.1300048828125,4549.43994140625,7576.39990234375,7596.91015625,16751.439453125,16792.189453125,32970.55078125,7438.39990234375,21456.650390625,12.279999732971191,9385.330078125
2023-11-28 00:00:00,4604.3701171875,36124.55859375,16084.6904296875,1880.8199462890625,4523.31005859375,7554.5,7526.5498046875,16759.220703125,16334.3701171875,32307.859375,7188.60009765625,20969.400390625,12.350000381469727,9553.919921875
2023-11-21 00:00:00,4594.6298828125,35416.98046875,15997.580078125,1862.6400146484375,4418.509765625,7529.39990234375,7346.14990234375,16397.51953125,16830.30078125,33431.51171875,7066.7998046875,20267.900390625,12.630000114440918,9720.5703125
2023-11-14 00:00:00,4559.33984375,35088.2890625,15982.009765625,1807.5,4372.10009765625,7488.2001953125,7292.7998046875,16029.490234375,17559.419921875,33625.53125,7039.89990234375,19794.69921875,12.460000038146973,9839.51953125
2023-11-07 00:00:00,4514.02001953125,34827.69921875,15837.990234375,1797.77001953125,4340.77001953125,7504.2998046875,7233.91015625,15919.16015625,17454.189453125,33585.19921875,7049.60009765625,19731.80078125,13.800000190734863,9979.6904296875
2023-10-31 00:00:00,4415.240234375,34152.6015625,15529.1201171875,1705.3199462890625,4197.35986328125,7360.60009765625,7045.0400390625,15234.3896484375,17203.259765625,32568.109375,6980.39990234375,19425.349609375,14.170000076293945,9978.5400390625
2023-10-24 00:00:00,4358.33984375,33052.87109375,15099.490234375,1760.699951171875,4174.669921875,7417.7001953125,7047.5,15189.25,17664.119140625,31949.890625,6977.0,19230.599609375,14.90999984741211,9853.8896484375
2023-10-17 00:00:00,4117.3701171875,33141.37890625,14180.419921875,1636.93994140625,4014.360107421875,7291.2998046875,6795.3798828125,14687.41015625,17398.73046875,30991.689453125,6828.2001953125,19047.25,21.270000457763672,9770.83984375
2023-10-10 00:00:00,4224.16015625,33997.6484375,14560.8798828125,1680.7900390625,4024.679931640625,7402.10009765625,6816.22021484375,14798.4697265625,17172.130859375,31259.359375,6901.10009765625,19542.650390625,21.709999084472656,9570.3603515625
2023-10-03 00:00:00,4327.77978515625,33739.30078125,14995.1201171875,1719.7099609375,4136.1201171875,7599.60009765625,7003.52978515625,15186.66015625,17813.44921875,32315.990234375,7052.5,19751.05078125,19.31999969482422,10068.2802734375
2023-09-26 00:00:00,4308.5,33002.37890625,14973.240234375,1745.56005859375,4144.43017578125,7494.60009765625,7060.14990234375,15229.76953125,17485.98046875,30994.669921875,6951.5,19653.5,17.450000762939453,
2023-09-19 00:00:00,4288.0498046875,33618.87890625,14715.240234375,1785.0999755859375,4174.66015625,7608.10009765625,7135.06005859375,15386.580078125,17809.66015625,31857.619140625,7046.5,19638.30078125,17.520000457763672,10109.5302734375
2023-09-12 00:00:00,4320.06005859375,34517.73046875,14701.099609375,1776.5,4207.16015625,7683.89990234375,7184.81982421875,15557.2900390625,18057.44921875,32402.41015625,7069.2998046875,19674.25,17.200000762939453,10178.740234375
2023-09-05 00:00:00,4450.31982421875,34645.98828125,15202.400390625,1847.030029296875,4295.0498046875,7711.39990234375,7378.81982421875,15893.5302734375,18182.890625,33533.08984375,7278.5,20192.349609375,13.789999961853027,10144.58984375
2023-08-29 00:00:00,4457.490234375,34641.96875,15280.23046875,1851.5400390625,4237.18994140625,7478.2001953125,7240.77001953125,15740.2998046875,18202.0703125,32606.83984375,7153.5,19819.94921875,13.84000015258789,10281.8798828125
2023-08-22 00:00:00,4515.77001953125,34852.671875,15490.8603515625,1920.8299560546875,4282.64013671875,7464.5,7296.77001953125,15840.33984375,18382.060546875,32710.619140625,7273.10009765625,19435.30078125,13.09000015258789,10463.740234375
2023-08-15 00:00:00,4405.7099609375,34288.828125,14941.830078125,1853.6300048828125,4236.25,7338.60009765625,7229.60009765625,15631.8203125,18119.390625,31624.279296875,7109.89990234375,19265.80078125,15.680000305175781,10130.4697265625
2023-08-08 00:00:00,4369.7099609375,34946.390625,14694.83984375,1859.4200439453125,4212.9501953125,7262.39990234375,7164.10986328125,15574.259765625,17950.849609375,31450.759765625,7139.39990234375,19310.150390625,17.299999237060547,10458.509765625
2023-08-01 00:00:00,4464.0498046875,35314.48828125,15028.0703125,1925.1099853515625,4321.330078125,7524.2001953125,7340.18994140625,15832.169921875,19075.189453125,32473.650390625,7330.5,19428.30078125,14.84000015258789,10808.8701171875
2023-07-25 00:00:00,4478.02978515625,35630.6796875,15274.919921875,1957.4599609375,4332.91015625,7564.39990234375,7315.06982421875,15951.8603515625,19539.4609375,32192.75,7309.60009765625,19517.0,17.100000381469727,11238.0595703125
2023-07-18 00:00:00,4582.22998046875,35438.0703125,15750.9296875,1981.5400390625,4466.5,7694.2998046875,7476.47021484375,16469.75,19916.560546875,32759.23046875,7384.7998046875,19646.05078125,13.329999923706055,11100.400390625
2023-07-11 00:00:00,4536.33984375,34951.9296875,15425.669921875,1960.260009765625,4391.41015625,7663.7001953125,7432.77001953125,16177.2197265625,19075.259765625,32304.25,7297.2001953125,19745.0,13.600000381469727,10810.1796875
2023-07-04 00:00:00,4505.419921875,34261.421875,15565.599609375,1931.0899658203125,4400.10986328125,7434.60009765625,7374.5400390625,16105.0703125,19413.779296875,32391.259765625,7286.7001953125,19564.5,13.34000015258789,11080.3203125
2023-06-27 00:00:00,4398.9501953125,34418.46875,15036.849609375,1864.6600341796875,4236.60009765625,7256.89990234375,7111.8798828125,15603.400390625,18365.69921875,32388.419921875,7022.39990234375,19331.80078125,14.829999923706055,10888.5498046875
2023-06-20 00:00:00,4450.3798828125,33926.73828125,15179.2099609375,1888.72998046875,4399.08984375,7531.5,7400.06005859375,16147.900390625,18916.4296875,33189.0390625,7184.10009765625,19189.05078125,13.59000015258789,11026.58984375
2023-06-13 00:00:00,4348.330078125,34053.87109375,14891.48046875,1821.6300048828125,4271.60986328125,7461.89990234375,7163.419921875,15829.9404296875,18889.970703125,32781.5390625,7079.60009765625,18665.5,13.4399995803833,11058.6298828125
2023-06-06 00:00:00,4409.58984375,34212.12109375,15083.919921875,1875.469970703125,4394.81982421875,7642.7001953125,7388.64990234375,16357.6298828125,20040.369140625,33706.078125,7235.7998046875,18826.0,13.539999961853027,11306.5302734375
2023-05-30 00:00:00,4298.85986328125,33573.28125,14528.3603515625,1865.7099609375,4289.7900390625,7562.39990234375,7213.14013671875,15949.83984375,19389.94921875,32265.169921875,7104.10009765625,18563.400390625,13.829999923706055,10793.9296875
2023-05-23 00:00:00,4282.3701171875,33042.78125,14546.6396484375,1830.9100341796875,4323.52001953125,7607.2998046875,7270.68994140625,16051.23046875,18949.939453125,31524.220703125,7126.0,18534.099609375,14.600000381469727,10998.0703125
2023-05-16 00:00:00,4205.4501953125,33055.51171875,14298.41015625,1773.02001953125,4337.5,7627.2001953125,7319.18017578125,15983.9697265625,18746.919921875,30916.310546875,7134.0,18499.349609375,17.950000762939453,10909.650390625
2023-05-09 00:00:00,4191.97998046875,33012.140625,13803.490234375,1773.719970703125,4395.2998046875,7756.89990234375,7491.9599609375,16275.3798828125,19450.5703125,30808.349609375,7257.2998046875,18203.400390625,16.809999465942383,11091.3603515625
2023-05-02 00:00:00,4124.080078125,33561.80859375,13340.1796875,1740.8499755859375,4317.8798828125,7754.60009765625,7414.85009765625,15913.8203125,19627.240234375,29388.30078125,7233.7001953125,18314.80078125,17.030000686645508,11005.6396484375
2023-04-25 00:00:00,4136.25,33684.53125,13259.1298828125,1759.8800048828125,4340.43017578125,7778.39990234375,7432.93017578125,15961.01953125,20049.310546875,29157.94921875,7196.7001953125,18069.0,17.190000534057617,11180.8701171875
2023-04-18 00:00:00,4169.47998046875,33530.828125,13245.990234375,1768.989990234375,4359.31005859375,7870.60009765625,7491.5,15922.3798828125,19894.5703125,28856.439453125,7286.2998046875,18065.0,15.779999732971191,11338.669921875
2023-04-11 00:00:00,4133.52001953125,33976.62890625,13000.76953125,1791.510009765625,4408.58984375,7914.10009765625,7577.0,15881.66015625,20075.73046875,28564.369140625,7309.0,17624.05078125,16.770000457763672,11450.4296875
2023-04-04 00:00:00,4137.64013671875,33684.7890625,13079.51953125,1781.1500244140625,4390.75,7871.89990234375,7519.60986328125,15807.5,20438.810546875,28493.470703125,7340.10009765625,17828.0,17.06999969482422,11800.08984375
2023-03-28 00:00:00,4105.02001953125,33402.37890625,13062.599609375,1754.4599609375,4309.4501953125,7741.60009765625,7324.75,15597.8896484375,20331.19921875,27518.310546875,7194.7001953125,17599.150390625,18.399999618530273,11967.740234375
2023-03-21 00:00:00,4109.31005859375,32394.25,13181.349609375,1802.47998046875,4315.0498046875,7631.7001953125,7322.39013671875,15628.83984375,20400.109375,28041.48046875,7154.10009765625,17359.75,18.700000762939453,11726.400390625
2023-03-14 00:00:00,3970.989990234375,32560.599609375,12767.0498046875,1734.9200439453125,4130.6201171875,7405.5,7015.10009765625,14957.23046875,19915.6796875,27385.25,6932.2998046875,16945.05078125,21.739999771118164,11634.2197265625
2023-03-07 00:00:00,3916.639892578125,32155.400390625,12519.8798828125,1725.8900146484375,4064.989990234375,7335.39990234375,6925.39990234375,14768.2001953125,19518.58984375,27333.7890625,6971.39990234375,17100.05078125,25.510000228881836,11278.0498046875
2023-02-28 00:00:00,3861.590087890625,32856.4609375,11830.2802734375,1772.699951171875,4229.52978515625,7748.39990234375,7220.669921875,15427.9697265625,19319.919921875,28143.970703125,7123.2001953125,17412.900390625,24.799999237060547,11442.5400390625
2023-02-21 00:00:00,4045.639892578125,32656.69921875,12290.8095703125,1928.260009765625,4294.7998046875,7947.10009765625,7348.1201171875,15578.3896484375,20567.5390625,27927.470703125,7263.39990234375,17594.349609375,18.489999771118164,11851.919921875
2023-02-14 00:00:00,3970.0400390625,33129.58984375,11969.650390625,1890.489990234375,4178.81982421875,7878.7001953125,7187.27001953125,15209.740234375,20010.0390625,27453.48046875,7287.5,17465.80078125,21.670000076293945,11787.4501953125
2023-02-07 00:00:00,4079.090087890625,34089.26953125,12358.1796875,1946.3599853515625,4274.919921875,8004.39990234375,7347.72021484375,15482.0,20719.810546875,27513.130859375,7328.0,17944.19921875,20.020000457763672,11715.76953125
2023-01-31 00:00:00,4090.4599609375,34156.69140625,12304.919921875,1918.81005859375,4197.93994140625,7882.5,7129.72998046875,15307.98046875,21190.419921875,27670.98046875,7417.2998046875,17856.5,20.530000686645508,11976.849609375
2023-01-24 00:00:00,4136.47998046875,34086.0390625,12573.3603515625,1985.530029296875,4257.97998046875,7901.7998046875,7233.93994140625,15476.4296875,21660.470703125,27509.4609375,7538.60009765625,17854.05078125,18.329999923706055,12054.2998046875
2023-01-17 00:00:00,4070.56005859375,33733.9609375,12166.599609375,1911.4599609375,4178.009765625,7765.2001953125,7097.2099609375,15150.0302734375,22688.900390625,27382.560546875,7474.2001953125,17604.349609375,18.510000228881836,
2023-01-10 00:00:00,3972.610107421875,33910.8515625,11619.0302734375,1867.3399658203125,4119.89990234375,7770.60009765625,6995.990234375,15033.5595703125,22044.650390625,26553.529296875,7432.2001953125,18027.650390625,19.850000381469727,11980.6201171875
2023-01-03 00:00:00,3999.090087890625,33704.1015625,11541.48046875,1887.030029296875,4150.7998046875,7844.10009765625,7023.5,15086.51953125,21738.66015625,26119.51953125,7310.2998046875,17956.599609375,18.350000381469727,11602.2998046875
2022-12-27 00:00:00,3895.080078125,33136.37109375,11040.349609375,1792.800048828125,4017.830078125,7699.5,6860.9501953125,14610.01953125,20991.640625,25973.849609375,7089.60009765625,17859.44921875,21.1299991607666,11367.73046875
2022-12-20 00:00:00,3839.5,33241.55859375,10939.759765625,1761.25,3793.6201171875,7451.7001953125,6473.759765625,13923.58984375,19781.41015625,26094.5,7016.2998046875,18105.30078125,21.670000076293945,11015.990234375
2022-12-13 00:00:00,3844.820068359375,32849.73828125,10985.4501953125,1760.9300537109375,3817.010009765625,7473.0,6504.89990234375,13940.9296875,19593.060546875,26235.25,7085.10009765625,17806.80078125,20.8700008392334,10849.6396484375
2022-12-06 00:00:00,3852.360107421875,34108.640625,11243.7197265625,1763.4200439453125,3804.02001953125,7332.10009765625,6452.6298828125,13893.0703125,19450.669921875,27527.119140625,7126.10009765625,18269.0,22.6200008392334,11295.0302734375
2022-11-29 00:00:00,3934.3798828125,33596.33984375,11563.330078125,1796.6600341796875,3942.6201171875,7476.60009765625,6677.64013671875,14370.7197265625,19900.869140625,27901.009765625,7190.5,18496.599609375,22.829999923706055,11501.580078125
2022-11-22 00:00:00,4071.699951171875,33852.53125,11994.259765625,1892.8399658203125,3977.89990234375,7556.2001953125,6742.25,14529.3896484375,18675.349609375,27777.900390625,7278.2001953125,18696.099609375,19.059999465942383,11219.7900390625
2022-11-15 00:00:00,4026.1201171875,34098.1015625,11756.0302734375,1869.18994140625,3962.409912109375,7486.7001953125,6712.47998046875,14541.3798828125,17573.580078125,28283.029296875,7238.39990234375,18512.75,20.5,10904.26953125
2022-11-08 00:00:00,3965.340087890625,33592.921875,11677.01953125,1849.72998046875,3924.840087890625,7385.5,6644.4599609375,14431.8603515625,17992.5390625,27899.76953125,7131.0,18307.650390625,23.1200008392334,11180.4296875
2022-11-01 00:00:00,3992.929931640625,33160.828125,11817.009765625,1882.739990234375,3868.5,7318.0,6594.6201171875,14224.8603515625,17325.66015625,28263.5703125,7137.10009765625,18349.69921875,22.520000457763672,11139.76953125
2022-10-25 00:00:00,3770.550048828125,32653.19921875,10857.0302734375,1799.8699951171875,3688.330078125,7334.7998046875,6416.43994140625,13459.849609375,16161.1396484375,27199.740234375,6870.7001953125,18117.150390625,24.549999237060547,11187.4296875
2022-10-18 00:00:00,3901.06005859375,31836.740234375,11546.2099609375,1846.9200439453125,3613.02001953125,7047.7001953125,6273.0498046875,13243.330078125,14863.0595703125,27105.19921875,6761.5,17786.80078125,25.75,10401.83984375
2022-10-11 00:00:00,3752.75,30523.80078125,11310.330078125,1742.239990234375,3476.6298828125,6969.7001953125,6035.39013671875,12730.900390625,16211.1201171875,26890.580078125,6653.2001953125,17576.30078125,29.690000534057617,10918.9697265625
2022-10-04 00:00:00,3583.070068359375,29239.189453125,10692.0595703125,1682.4000244140625,3381.72998046875,6858.7998046875,5931.919921875,12437.8095703125,16587.689453125,27090.759765625,6735.7001953125,17185.69921875,32.02000045776367,11121.7197265625
2022-09-27 00:00:00,3639.659912109375,30316.3203125,11039.4697265625,1702.1500244140625,3375.4599609375,6991.10009765625,5866.93994140625,12273.0,17740.05078125,27116.109375,6740.39990234375,17314.650390625,31.360000610351562,
2022-09-20 00:00:00,3585.6201171875,29134.990234375,10971.2197265625,1664.719970703125,3318.199951171875,6893.7998046875,5762.33984375,12114.3603515625,17222.830078125,25937.2109375,6453.2001953125,17094.349609375,31.6200008392334,10778.6103515625
2022-09-13 00:00:00,3693.22998046875,30706.23046875,11311.240234375,1679.5899658203125,3348.60009765625,7018.60009765625,5783.41015625,12284.1904296875,17933.26953125,27153.830078125,6557.0,17327.349609375,29.920000076293945,11006.41015625
2022-09-06 00:00:00,3873.330078125,31104.970703125,11861.3798828125,1798.18994140625,3500.409912109375,7236.7001953125,6077.2998046875,12741.259765625,18761.689453125,27567.650390625,6718.2998046875,17530.849609375,26.299999237060547,11261.5
2022-08-30 00:00:00,4067.360107421875,31145.30078125,12588.2900390625,1882.8499755859375,3570.0400390625,7351.10009765625,6212.330078125,13088.2099609375,19362.25,28214.75,6872.89990234375,17833.349609375,22.790000915527344,11877.7900390625
2022-08-23 00:00:00,3924.260009765625,31790.869140625,12098.4404296875,1809.75,3544.3798828125,7281.2001953125,6167.509765625,13050.26953125,19452.08984375,27650.83984375,6810.60009765625,17539.44921875,25.469999313354492,11702.3896484375
2022-08-16 00:00:00,4057.659912109375,32909.58984375,12605.169921875,1899.8299560546875,3603.679931640625,7427.2998046875,6274.259765625,12971.4697265625,20170.0390625,28641.380859375,7085.89990234375,17558.900390625,25.559999465942383,12059.7099609375
2022-08-09 00:00:00,4228.47998046875,34152.01171875,13242.900390625,1957.3499755859375,3730.320068359375,7550.39990234375,6495.830078125,13544.51953125,19773.029296875,28930.330078125,7094.7001953125,17758.44921875,20.600000381469727,12358.5498046875
2022-08-02 00:00:00,4280.14990234375,32774.41015625,13565.8701171875,2016.6199951171875,3776.81005859375,7500.89990234375,6553.85986328125,13795.849609375,20175.619140625,28546.98046875,7013.2001953125,17698.150390625,19.530000686645508,12419.3896484375
2022-07-26 00:00:00,4145.18994140625,32396.169921875,13207.6904296875,1921.8199462890625,3725.389892578125,7439.7001953125,6472.35009765625,13573.9296875,20201.939453125,28175.869140625,6994.2998046875,17397.5,21.149999618530273,12269.2099609375
2022-07-19 00:00:00,4130.2900390625,31761.5390625,12947.9697265625,1885.22998046875,3708.10009765625,7423.39990234375,6448.5,13484.0498046875,20156.509765625,27801.640625,6924.0,17158.25,21.329999923706055,12266.919921875
2022-07-12 00:00:00,3961.6298828125,31827.05078125,12396.4697265625,1806.8800048828125,3596.489990234375,7276.39990234375,6216.81982421875,13253.6796875,20609.140625,27914.66015625,6769.7998046875,16719.44921875,23.030000686645508,12394.01953125
2022-07-05 00:00:00,3863.159912109375,30981.330078125,11983.6201171875,1744.3699951171875,3477.199951171875,7159.0,6036.0,12864.7197265625,20297.720703125,26788.470703125,6581.89990234375,16049.2001953125,24.229999542236328,12411.009765625
2022-06-28 00:00:00,3899.3798828125,30967.8203125,12125.6904296875,1769.3599853515625,3506.550048828125,7196.2001953125,6033.1298828125,13015.23046875,21725.779296875,26517.189453125,6657.10009765625,16220.599609375,24.639999389648438,12857.1298828125
2022-06-21 00:00:00,3825.330078125,30946.990234375,11585.6796875,1727.760009765625,3448.31005859375,7168.7001953125,5931.06005859375,12813.0302734375,21859.7890625,25935.619140625,6521.0,15752.0498046875,26.700000762939453,12860.3603515625
2022-06-14 00:00:00,3911.739990234375,30530.25,12105.849609375,1765.739990234375,3533.169921875,7208.7998046875,6073.35009765625,13118.1298828125,21719.060546875,26491.970703125,6560.5,15699.25,27.229999542236328,12686.0302734375
2022-06-07 00:00:00,3674.840087890625,30364.830078125,11265.990234375,1665.68994140625,3438.4599609375,7016.2998046875,5882.64990234375,13126.259765625,21075.0,25963.0,6462.0,15293.5,31.1299991607666,12331.1396484375
2022-05-31 00:00:00,3900.860107421875,33180.140625,11832.8203125,1800.280029296875,3599.199951171875,7317.5,6187.22998046875,13761.830078125,21806.1796875,27824.2890625,6911.89990234375,16201.7998046875,27.75,12035.150390625
2022-05-24 00:00:00,4108.5400390625,32990.12109375,12548.0302734375,1883.050048828125,3783.659912109375,7533.0,6485.2998046875,14460.08984375,21082.130859375,27761.5703125,7222.7001953125,16584.30078125,24.790000915527344,11628.3095703125
2022-05-17 00:00:00,4158.240234375,31928.619140625,12681.419921875,1887.9000244140625,3808.860107421875,7585.5,6515.75,14462.1904296875,20697.359375,26781.6796875,7167.2998046875,16352.4501953125,25.719999313354492,11193.58984375
2022-05-10 00:00:00,3901.360107421875,32654.58984375,11835.6201171875,1773.27001953125,3657.030029296875,7390.0,6285.240234375,13981.91015625,20717.240234375,26739.029296875,7125.7998046875,16266.150390625,29.43000030517578,11454.5302734375
2022-05-03 00:00:00,4023.889892578125,32160.740234375,12387.400390625,1792.6700439453125,3703.419921875,7418.2001953125,6362.68017578125,14027.9296875,19898.76953125,26427.650390625,7057.89990234375,15782.150390625,28.8700008392334,11159.7900390625
2022-04-26 00:00:00,4123.33984375,33128.7890625,12693.5302734375,1839.56005859375,3629.169921875,7387.89990234375,6258.35986328125,13674.2900390625,20001.9609375,27003.560546875,7183.0,16411.25,30.190000534057617,10809.8798828125
2022-04-19 00:00:00,4131.93017578125,33240.1796875,12854.7998046875,1864.0999755859375,3802.860107421875,7544.60009765625,6533.77001953125,14097.8798828125,21089.390625,26847.900390625,7416.39990234375,17102.55078125,33.400001525878906,11021.4404296875
2022-04-12 00:00:00,4271.77978515625,34911.19921875,13356.8701171875,1940.6600341796875,3840.010009765625,7521.7001953125,6581.419921875,14142.08984375,20638.51953125,27105.259765625,7453.0,17171.94921875,28.209999084472656,11051.7001953125
2022-04-05 00:00:00,4392.58984375,34220.359375,13893.2099609375,2004.97998046875,3848.679931640625,7616.39990234375,6589.35009765625,14163.849609375,21518.080078125,27093.189453125,7498.5,17475.650390625,22.700000762939453,11648.5703125
2022-03-29 00:00:00,4488.27978515625,34641.1796875,14327.259765625,1994.56005859375,3858.3701171875,7669.60009765625,6548.22021484375,14283.669921875,21872.009765625,26985.80078125,7450.60009765625,17784.349609375,21.15999984741211,11959.26953125
2022-03-22 00:00:00,4545.85986328125,35294.19140625,14861.2099609375,2091.110107421875,3918.679931640625,7537.89990234375,6684.31005859375,14446.48046875,22039.55078125,27665.98046875,7463.89990234375,17670.44921875,19.6299991607666,12227.9296875
2022-03-15 00:00:00,4543.06005859375,34807.4609375,14754.3095703125,2077.97998046875,3867.72998046875,7483.39990234375,6553.68017578125,14305.759765625,21404.880859375,28149.83984375,7376.7001953125,17153.0,20.809999465942383,12072.73046875
2022-03-08 00:00:00,4463.1201171875,33544.33984375,14420.080078125,2086.139892578125,3902.43994140625,7404.7001953125,6620.240234375,14413.08984375,21412.400390625,26827.4296875,7258.39990234375,17287.05078125,23.8700008392334,12328.650390625
2022-03-01 00:00:00,4204.31005859375,32632.640625,13301.830078125,1979.6700439453125,3686.780029296875,7155.60009765625,6260.25,13628.1103515625,20553.7890625,25162.779296875,7037.10009765625,16630.44921875,30.75,12447.3701171875
2022-02-22 00:00:00,4328.8701171875,33294.94921875,13837.830078125,2000.9000244140625,3556.010009765625,6987.10009765625,6061.66015625,13094.5400390625,21905.2890625,25985.470703125,7079.7998046875,16245.349609375,31.979999542236328,13020.4599609375
2022-02-15 00:00:00,4384.64990234375,33596.609375,14189.16015625,2040.9300537109375,3970.68994140625,7489.5,6752.43017578125,14567.23046875,22767.1796875,26476.5,6964.5,16658.400390625,27.59000015258789,13412.919921875
2022-02-08 00:00:00,4348.8701171875,34988.83984375,14009.5400390625,2009.3299560546875,4074.280029296875,7513.60009765625,6929.6298828125,15042.509765625,24327.7109375,27122.0703125,7194.7001953125,17276.30078125,27.75,13459.6796875
2022-02-01 00:00:00,4418.64013671875,35462.78125,14253.83984375,2030.1500244140625,4155.22998046875,7661.0,7011.60009765625,15425.1201171875,24906.66015625,27696.080078125,7187.2001953125,17374.75,27.360000610351562,13224.3798828125
2022-01-25 00:00:00,4500.52978515625,35405.23828125,14694.349609375,2002.3599853515625,4086.580078125,7516.39990234375,6951.3798828125,15099.5595703125,24573.2890625,27439.990234375,7086.7001953125,17516.30078125,23.219999313354492,
2022-01-18 00:00:00,4431.85009765625,34297.73046875,14454.6103515625,1968.510009765625,4136.91015625,7466.10009765625,6965.8798828125,15318.9501953125,23550.080078125,26717.33984375,6953.60009765625,17101.94921875,27.65999984741211,13328.0595703125
2022-01-11 00:00:00,4397.93994140625,35368.46875,14438.400390625,1987.9200439453125,4229.56005859375,7494.10009765625,7068.58984375,15603.8798828125,24965.55078125,27522.259765625,7137.2998046875,17617.150390625,28.850000381469727,14029.5498046875
2022-01-04 00:00:00,4662.85009765625,36252.01953125,15611.58984375,2162.4599609375,4272.18994140625,7543.0,7143.0,15883.240234375,24383.3203125,28124.279296875,7352.7998046875,18255.75,19.190000534057617,14150.5703125
2021-12-28 00:00:00,4677.02978515625,36799.6484375,15592.1904296875,2179.81005859375,4305.830078125,7485.2998046875,7219.47998046875,15947.740234375,23493.380859375,28478.560546875,7413.39990234375,17812.69921875,18.760000228881836,14343.650390625
2021-12-21 00:00:00,4766.18017578125,36398.2109375,16320.080078125,2245.31005859375,4298.41015625,7384.5,7153.02978515625,15884.8603515625,23397.669921875,28791.7109375,7404.60009765625,17354.05078125,17.219999313354492,14857.349609375
2021-12-14 00:00:00,4725.7900390625,35492.69921875,16308.2099609375,2241.580078125,4255.009765625,7372.10009765625,7086.580078125,15756.3095703125,23223.759765625,28782.58984375,7379.39990234375,17003.75,17.959999084472656,14710.330078125
2021-12-07 00:00:00,4620.64013671875,35544.1796875,15801.4599609375,2173.929931640625,4161.35009765625,7269.89990234375,6926.6298828125,15531.6904296875,23192.630859375,28545.6796875,7263.10009765625,16985.19921875,21.56999969482422,14867.5498046875
2021-11-30 00:00:00,4712.02001953125,35719.4296875,16331.98046875,2211.81005859375,4199.16015625,7291.7998046875,6991.68017578125,15623.3095703125,23995.720703125,28437.76953125,7313.5,17511.30078125,18.690000534057617,15111.5595703125
2021-11-23 00:00:00,4538.43017578125,34483.71875,15712.0400390625,2159.31005859375,4080.14990234375,7122.2998046875,6765.52001953125,15169.98046875,23766.689453125,28029.5703125,7198.5,17196.69921875,30.670000076293945,14892.0498046875
2021-11-16 00:00:00,4594.6201171875,35813.80078125,16025.580078125,2245.93994140625,4089.580078125,7044.0,6739.72998046875,15257.0400390625,24080.51953125,28751.619140625,7242.39990234375,17026.44921875,28.6200008392334,14777.169921875
2021-11-09 00:00:00,4697.9599609375,36142.21875,16573.33984375,2343.159912109375,4356.47021484375,7223.60009765625,7112.2900390625,16159.9697265625,25049.970703125,29745.869140625,7359.0,17764.80078125,17.90999984741211,14752.490234375
2021-11-02 00:00:00,4682.85009765625,36319.98046875,16199.8896484375,2411.780029296875,4370.330078125,7347.89990234375,7091.39990234375,16094.0703125,25327.970703125,29609.970703125,7407.39990234375,18102.75,16.290000915527344,14705.3701171875
2021-10-26 00:00:00,4697.52978515625,36052.62890625,16359.3798828125,2437.080078125,4363.0400390625,7304.0,7040.7900390625,16054.3603515625,24870.509765625,29611.5703125,7419.39990234375,17916.80078125,16.479999542236328,14462.6201171875
2021-10-19 00:00:00,4605.3798828125,35756.87890625,15850.4697265625,2297.18994140625,4250.56005859375,7237.60009765625,6830.33984375,15688.76953125,25377.240234375,28892.689453125,7286.10009765625,17671.650390625,16.260000228881836,14451.3798828125
2021-10-12 00:00:00,4544.89990234375,35457.30859375,15355.0703125,2291.27001953125,4188.81005859375,7204.60009765625,6733.68994140625,15542.98046875,26126.9296875,28804.849609375,7379.5,18114.900390625,15.430000305175781,14492.8203125
2021-10-05 00:00:00,4471.3701171875,34378.33984375,15146.919921875,2265.64990234375,4182.91015625,7234.0,6727.52001953125,15587.3603515625,25330.9609375,29068.630859375,7328.39990234375,18338.55078125,16.299999237060547,14415.990234375
2021-09-28 00:00:00,4391.33984375,34314.671875,14820.75,2233.090087890625,4073.2900390625,7095.60009765625,6559.990234375,15206.1298828125,24837.849609375,28048.939453125,7283.7001953125,17895.19921875,18.770000457763672,14414.16015625
2021-09-21 00:00:00,4357.0400390625,34299.98828125,14791.8701171875,2241.6298828125,4035.300048828125,7027.10009765625,6517.68994140625,15156.4404296875,24575.640625,28771.0703125,7143.39990234375,17532.05078125,21.100000381469727,14309.009765625
2021-09-14 00:00:00,4455.47998046875,33919.83984375,15329.6796875,2248.070068359375,4158.509765625,7051.5,6638.4599609375,15531.75,24192.16015625,30248.810546875,7299.10009765625,17853.19921875,17.75,14357.849609375
2021-09-07 00:00:00,4432.990234375,34577.5703125,15333.4697265625,2236.8701171875,4130.83984375,6963.60009765625,6570.18994140625,15490.169921875,24920.759765625,30500.05078125,7357.7001953125,17585.150390625,20.809999465942383,14359.3603515625
2021-08-31 00:00:00,4458.580078125,35100.0,15440.75,2227.550048828125,4170.35009765625,7029.2001953125,6663.77001953125,15609.8095703125,26205.91015625,30381.83984375,7359.7001953125,17369.25,20.950000762939453,14771.8701171875
2021-08-24 00:00:00,4535.43017578125,35360.73046875,15652.8603515625,2292.050048828125,4201.97998046875,7138.39990234375,6689.990234375,15781.2001953125,25901.990234375,29128.109375,7475.5,17323.599609375,16.40999984741211,14179.8603515625
2021-08-17 00:00:00,4509.3701171875,35366.26171875,15432.9501953125,2277.14990234375,4190.97998046875,7148.0,6681.919921875,15851.75,25407.890625,27641.140625,7439.2001953125,16705.19921875,16.389999389648438,14436.900390625
2021-08-10 00:00:00,4441.669921875,35343.28125,15092.5703125,2167.60009765625,4147.5,7087.89990234375,6626.10986328125,15808.0400390625,24849.720703125,27013.25,7411.5,16450.5,18.559999465942383,14253.5302734375
2021-08-03 00:00:00,4468.0,35264.671875,15136.6796875,2223.110107421875,4229.7001953125,7218.7001953125,6896.0400390625,15977.4404296875,26391.619140625,27977.150390625,7586.7998046875,16529.099609375,15.449999809265137,14799.0302734375
2021-07-27 00:00:00,4436.52001953125,35116.3984375,15109.3603515625,2247.760009765625,4174.5400390625,7123.0,6816.9599609375,15761.4501953125,26179.400390625,27820.0390625,7497.2001953125,16238.2001953125,16.149999618530273,14827.41015625
2021-07-20 00:00:00,4395.259765625,35058.51953125,14959.900390625,2226.25,4089.300048828125,7032.2998046875,6612.759765625,15544.3896484375,25961.029296875,27283.58984375,7352.10009765625,15763.0498046875,18.239999771118164,14473.2099609375
2021-07-13 00:00:00,4411.7900390625,34511.98828125,15111.7900390625,2209.64990234375,4109.10009765625,7027.60009765625,6568.81982421875,15669.2900390625,27321.98046875,27548.0,7355.89990234375,15856.0498046875,17.200000762939453,15028.5703125
2021-07-06 00:00:00,4327.16015625,34888.7890625,14681.3798828125,2163.239990234375,4035.77001953125,7008.10009765625,6460.080078125,15540.3095703125,28004.6796875,28003.080078125,7311.10009765625,15923.400390625,18.450000762939453,14972.2099609375
2021-06-29 00:00:00,4369.5498046875,34577.37109375,14826.08984375,2280.0,4068.090087890625,7121.89990234375,6529.419921875,15687.9296875,27344.5390625,27940.419921875,7236.89990234375,15689.7998046875,16.18000030517578,14844.3603515625
2021-06-22 00:00:00,4352.33984375,34292.2890625,14727.6298828125,2305.760009765625,4084.31005859375,7123.2998046875,6552.85986328125,15650.08984375,28310.419921875,28783.279296875,7272.0,15722.2001953125,15.069999694824219,14670.7099609375
2021-06-15 00:00:00,4280.7001953125,33945.578125,14345.1796875,2334.39990234375,4120.66015625,7136.10009765625,6622.8701171875,15607.9697265625,29288.220703125,29066.1796875,7272.10009765625,15860.349609375,15.619999885559082,15003.849609375
2021-06-08 00:00:00,4166.4501953125,34299.328125,14049.580078125,2237.75,4083.3701171875,7017.5,6569.16015625,15448.0400390625,28801.26953125,28964.080078125,7334.7998046875,15683.349609375,20.700000762939453,14583.669921875
2021-06-01 00:00:00,4247.43994140625,34599.8203125,13998.2998046875,2335.81005859375,4126.7001953125,7134.10009765625,6600.66015625,15693.26953125,28842.130859375,28948.73046875,7281.0,15799.349609375,15.649999618530273,14801.240234375
2021-05-25 00:00:00,4229.89013671875,34575.30859375,13770.76953125,2286.409912109375,4089.3798828125,7069.0,6515.66015625,15692.900390625,28918.099609375,28941.51953125,7264.5,15670.25,16.420000076293945,14870.91015625
2021-05-18 00:00:00,4204.10986328125,34312.4609375,13686.509765625,2268.969970703125,4070.56005859375,7022.60009765625,6484.10986328125,15519.98046875,29124.41015625,29149.41015625,7148.7998046875,15435.650390625,16.760000228881836,14852.8798828125
2021-05-11 00:00:00,4155.85986328125,34060.66015625,13411.740234375,2215.27001953125,4025.780029296875,7018.10009765625,6386.41015625,15437.509765625,28458.439453125,28317.830078125,6996.2001953125,15175.2998046875,20.149999618530273,14417.4599609375
2021-05-04 00:00:00,4173.85009765625,34269.16015625,13393.1201171875,2224.6298828125,4017.43994140625,7043.60009765625,6385.14013671875,15416.6396484375,28027.5703125,28084.470703125,6980.10009765625,14677.7998046875,18.809999465942383,14208.7802734375
2021-04-27 00:00:00,4232.60009765625,34133.03125,13719.6298828125,2271.6298828125,4034.25,7129.7001953125,6385.509765625,15399.650390625,28610.650390625,29357.8203125,7046.89990234375,14823.150390625,16.690000534057617,13933.8095703125
2021-04-20 00:00:00,4181.169921875,33984.9296875,13860.759765625,2266.449951171875,3974.739990234375,6969.7998046875,6269.47998046875,15135.91015625,28724.880859375,28812.630859375,6991.10009765625,14631.099609375,18.610000610351562,14438.5703125
2021-04-13 00:00:00,4180.169921875,33821.30078125,13941.4404296875,2271.860107421875,4013.340087890625,6938.60009765625,6257.93994140625,15279.6201171875,29078.75,29020.630859375,7026.2998046875,14341.349609375,17.329999923706055,14351.8603515625
2021-04-06 00:00:00,4185.47021484375,33677.26953125,14041.91015625,2262.669921875,4032.989990234375,7019.5,6287.06982421875,15459.75,28969.7109375,29683.369140625,7028.39990234375,14617.849609375,16.25,13720.740234375
2021-03-30 00:00:00,4128.7998046875,33430.23828125,13845.0595703125,2243.469970703125,3978.840087890625,6915.7998046875,6169.41015625,15234.16015625,28698.80078125,29768.060546875,6959.39990234375,14834.849609375,16.690000534057617,13813.3095703125
2021-03-23 00:00:00,4019.8701171875,33066.9609375,13329.51953125,2253.89990234375,3945.9599609375,6737.2998046875,6102.9599609375,15107.169921875,28938.740234375,29854.0,6790.60009765625,14867.349609375,17.329999923706055,14122.6103515625
2021-03-16 00:00:00,3974.5400390625,32423.150390625,12979.1201171875,2221.47998046875,3866.679931640625,6740.60009765625,5988.81005859375,14748.9404296875,28336.4296875,29176.69921875,6788.2998046875,14507.2998046875,18.860000610351562,13769.6796875
2021-03-09 00:00:00,3913.10009765625,32825.94921875,12866.990234375,2287.550048828125,3837.02001953125,6708.7001953125,5997.9599609375,14621.0,28990.939453125,29792.05078125,6672.2001953125,14744.0,20.950000762939453,13606.0
2021-03-02 00:00:00,3943.340087890625,31832.740234375,12937.2900390625,2352.7900390625,3833.360107421875,6761.5,6046.5498046875,14502.3896484375,28739.720703125,29717.830078125,6730.2998046875,15030.9501953125,20.690000534057617,13897.0302734375
2021-02-23 00:00:00,3841.93994140625,31391.51953125,12668.509765625,2192.2099609375,3669.5400390625,6630.5,5782.64990234375,13920.6904296875,29098.2890625,28864.3203125,6675.0,14938.099609375,24.65999984741211,14412.3095703125
2021-02-16 00:00:00,3811.14990234375,31537.349609375,12909.4404296875,2201.050048828125,3636.43994140625,6483.39990234375,5703.22021484375,13786.2900390625,28980.2109375,28966.009765625,6639.5,14529.150390625,27.950000762939453,14507.4501953125
2021-02-09 00:00:00,3906.7099609375,31522.75,13580.7802734375,2266.68994140625,3713.4599609375,6624.0,5773.5498046875,13993.23046875,30644.73046875,30017.919921875,6759.2001953125,14981.75,22.049999237060547,15823.1103515625
2021-02-02 00:00:00,3934.830078125,31375.830078125,13807.7001953125,2289.360107421875,3695.610107421875,6589.7998046875,5703.669921875,14049.8896484375,30173.5703125,29520.0703125,6772.0,15163.2998046875,19.969999313354492,15962.25
2021-01-26 00:00:00,3886.830078125,30687.48046875,13603.9599609375,2233.330078125,3655.77001953125,6489.2998046875,5659.259765625,14056.7197265625,29288.6796875,28779.189453125,6801.7001953125,14924.25,20.8700008392334,15007.2998046875
2021-01-19 00:00:00,3714.239990234375,30937.0390625,12925.3798828125,2073.639892578125,3481.43994140625,6407.5,5399.2099609375,13432.8701171875,28283.7109375,27663.390625,6567.7001953125,13634.599609375,33.09000015258789,14821.990234375
2021-01-12 00:00:00,3841.469970703125,30930.51953125,13366.400390625,2168.760009765625,3602.409912109375,6695.10009765625,5559.56982421875,13873.9697265625,29447.849609375,28631.44921875,6763.89990234375,14371.900390625,21.90999984741211,15628.73046875
2021-01-05 00:00:00,3768.25,31068.689453125,12803.9296875,2123.199951171875,3599.550048828125,6735.7001953125,5611.68994140625,13787.73046875,28573.859375,28519.1796875,6678.0,14433.7001953125,24.34000015258789,15031.7001953125
2020-12-29 00:00:00,3824.679931640625,30391.599609375,13105.2001953125,2091.659912109375,3645.050048828125,6873.2998046875,5706.8798828125,14049.5302734375,27878.220703125,28139.029296875,6717.2998046875,14347.25,21.559999465942383,15319.2900390625
2020-12-22 00:00:00,3756.070068359375,30335.669921875,12888.2802734375,1974.8599853515625,3552.639892578125,6460.5,5551.41015625,13718.7802734375,27231.130859375,27444.169921875,6544.2001953125,14018.5,22.75,14470.6796875
2020-12-15 00:00:00,3703.06005859375,30015.509765625,12711.009765625,2003.949951171875,3543.280029296875,6502.10009765625,5522.009765625,13587.23046875,26386.560546875,26656.609375,6621.5,13749.25,21.530000686645508,14017.0595703125
2020-12-08 00:00:00,3709.409912109375,30199.310546875,12738.1796875,1969.989990234375,3545.739990234375,6529.2001953125,5527.83984375,13630.509765625,26498.599609375,26763.390625,6632.60009765625,13760.5498046875,21.56999969482422,13854.1201171875
2020-12-01 00:00:00,3663.4599609375,30173.880859375,12375.41015625,1911.699951171875,3485.840087890625,6546.7998046875,5507.5498046875,13114.2998046875,26505.869140625,26652.51953125,6599.7998046875,13513.849609375,23.309999465942383,13555.1396484375
2020-11-24 00:00:00,3699.1201171875,29823.919921875,12528.48046875,1892.449951171875,3539.27001953125,6550.2001953125,5609.14990234375,13298.9599609375,26835.919921875,26751.240234375,6588.39990234375,13258.5498046875,20.790000915527344,14026.66015625
2020-11-17 00:00:00,3638.35009765625,30046.240234375,12258.2099609375,1855.27001953125,3527.7900390625,6367.60009765625,5598.18017578125,13335.6796875,26894.6796875,26644.7109375,6553.39990234375,12968.9501953125,20.84000015258789,13690.8798828125
2020-11-10 00:00:00,3557.5400390625,29783.349609375,11906.4404296875,1785.3399658203125,3467.60009765625,6351.5,5495.89013671875,13137.25,26451.5390625,25527.369140625,6487.2001953125,12859.0498046875,23.700000762939453,13852.419921875
2020-11-03 00:00:00,3585.14990234375,29420.919921875,11937.83984375,1744.0400390625,3432.070068359375,6316.39990234375,5380.16015625,13076.7197265625,26156.859375,25385.869140625,6352.2998046875,12719.9501953125,23.100000381469727,13754.5498046875
2020-10-27 00:00:00,3509.43994140625,27480.029296875,12091.349609375,1648.260009765625,3204.050048828125,5910.0,4960.8798828125,12480.01953125,25712.970703125,24325.23046875,6137.60009765625,12263.5498046875,24.860000610351562,13838.419921875
2020-10-20 00:00:00,3269.9599609375,27463.189453125,11052.9501953125,1538.47998046875,2958.2099609375,5577.2998046875,4594.240234375,11556.48046875,24107.419921875,22977.130859375,5879.89990234375,11642.400390625,38.02000045776367,13236.599609375
2020-10-13 00:00:00,3465.389892578125,28308.7890625,11692.5703125,1640.5,3198.860107421875,5860.2998046875,4909.64013671875,12645.75,24918.779296875,23516.58984375,6121.39990234375,11930.349609375,27.549999237060547,13128.4599609375
2020-10-06 00:00:00,3483.81005859375,28679.810546875,11852.169921875,1633.81005859375,3245.469970703125,5919.60009765625,4935.85986328125,12908.990234375,24386.7890625,23410.630859375,6130.0,11762.4501953125,27.40999984741211,13532.73046875
2020-09-29 00:00:00,3477.139892578125,27772.759765625,11725.849609375,1637.550048828125,3273.1201171875,6016.7001953125,4946.81005859375,13051.23046875,24119.130859375,23619.689453125,6057.39990234375,11914.2001953125,25.0,13289.259765625
2020-09-22 00:00:00,3348.419921875,27452.66015625,11255.6904296875,1539.300048828125,3190.929931640625,5902.10009765625,4824.8798828125,12689.0400390625,23459.05078125,23029.900390625,5747.5,11416.9501953125,27.6299991607666,12907.4501953125
2020-09-15 00:00:00,3298.4599609375,27288.1796875,11151.1298828125,1474.9100341796875,3137.06005859375,5842.7001953125,4729.66015625,12469.2001953125,23235.419921875,23204.619140625,5922.39990234375,11050.25,26.3799991607666,12814.169921875
2020-09-08 00:00:00,3319.469970703125,27995.599609375,10936.98046875,1536.780029296875,3283.68994140625,6007.10009765625,4978.18017578125,13116.25,24455.41015625,23360.30078125,5819.5,11504.9501953125,25.829999923706055,13245.08984375
2020-09-01 00:00:00,3340.969970703125,27500.890625,11087.400390625,1497.27001953125,3315.81005859375,6032.10009765625,5034.14013671875,13202.83984375,24503.310546875,23406.490234375,5812.7998046875,11464.4501953125,26.8700008392334,12942.9501953125
2020-08-25 00:00:00,3426.9599609375,28645.66015625,11622.1298828125,1535.300048828125,3260.590087890625,5799.10009765625,4965.06982421875,12842.66015625,24695.44921875,23205.4296875,5878.39990234375,11333.849609375,30.75,13656.66015625
2020-08-18 00:00:00,3508.010009765625,28248.439453125,11995.849609375,1578.3399658203125,3315.5400390625,5963.60009765625,5002.93994140625,13033.2001953125,25422.060546875,22882.650390625,6025.2998046875,11647.599609375,22.959999084472656,13851.3203125
2020-08-11 00:00:00,3397.159912109375,27778.0703125,11555.16015625,1552.47998046875,3259.75,6001.89990234375,4896.330078125,12764.7998046875,25113.83984375,22920.30078125,6062.7998046875,11371.599609375,22.540000915527344,13478.0
2020-08-04 00:00:00,3372.85009765625,27686.91015625,11164.4501953125,1577.8800048828125,3305.050048828125,6090.0,4962.93017578125,12901.33984375,25183.009765625,23289.359375,6075.7001953125,11178.400390625,22.049999237060547,13489.009765625
2020-07-28 00:00:00,3351.280029296875,26828.470703125,11139.3896484375,1569.1800537109375,3252.64990234375,6032.2001953125,4889.52001953125,12674.8798828125,24531.619140625,22329.939453125,5957.10009765625,11214.0498046875,22.209999084472656,13648.5
2020-07-21 00:00:00,3271.1201171875,26379.279296875,10905.8798828125,1480.4300537109375,3174.320068359375,5897.7998046875,4783.68994140625,12313.3603515625,24595.349609375,21710.0,5876.5,11073.4501953125,24.459999084472656,13637.8798828125
2020-07-14 00:00:00,3215.6298828125,26840.400390625,10483.1298828125,1467.550048828125,3310.889892578125,6123.7998046875,4956.43017578125,12838.0595703125,24705.330078125,22751.609375,5970.2001953125,11194.150390625,25.84000015258789,12935.7001953125
2020-07-07 00:00:00,3224.72998046875,26642.58984375,10645.2197265625,1473.3199462890625,3365.60009765625,6290.2998046875,5069.419921875,12919.6103515625,25089.169921875,22696.419921875,5978.2998046875,10901.7001953125,25.68000030517578,13114.9404296875
2020-06-30 00:00:00,3185.0400390625,25890.1796875,10836.330078125,1422.6800537109375,3296.219970703125,6095.39990234375,4970.47998046875,12633.7099609375,25727.41015625,22290.810546875,5865.2998046875,10768.0498046875,27.290000915527344,13671.240234375
2020-06-23 00:00:00,3130.010009765625,25812.880859375,10341.8896484375,1431.8599853515625,3294.3798828125,6157.2998046875,5007.14013671875,12528.1796875,25373.119140625,22306.48046875,6001.39990234375,10607.349609375,27.68000030517578,12433.259765625
2020-06-16 00:00:00,3009.050048828125,26156.099609375,9849.3603515625,1378.780029296875,3204.169921875,6159.2998046875,4909.64013671875,12089.3896484375,24549.990234375,22512.080078125,5850.89990234375,10383.0,34.72999954223633,11813.5302734375
2020-06-09 00:00:00,3097.739990234375,26289.98046875,10008.6396484375,1418.6300048828125,3269.10009765625,6292.60009765625,4979.4501953125,12330.759765625,24643.890625,22478.7890625,5891.60009765625,10244.400390625,35.119998931884766,11668.1298828125
2020-06-02 00:00:00,3041.31005859375,27272.30078125,9663.7802734375,1387.6800537109375,3153.739990234375,6105.2001953125,4839.259765625,11949.2802734375,24301.380859375,22305.48046875,5801.60009765625,9972.900390625,36.09000015258789,11251.7099609375
2020-05-26 00:00:00,3193.929931640625,25742.650390625,9824.3896484375,1507.1500244140625,3384.2900390625,6484.2998046875,5197.7900390625,12847.6796875,24770.41015625,22863.73046875,5947.5,10142.150390625,24.520000457763672,11180.599609375
2020-05-19 00:00:00,3044.31005859375,24995.109375,9555.5302734375,1394.0400390625,3050.199951171875,6076.60009765625,4695.43994140625,11586.849609375,22961.470703125,21877.890625,5705.2998046875,9580.2998046875,27.510000228881836,10746.080078125
2020-05-12 00:00:00,2955.449951171875,24206.859375,9413.990234375,1355.530029296875,2905.469970703125,5993.2998046875,4444.56005859375,11073.8701171875,22930.140625,20388.16015625,5446.0,9039.25,28.15999984741211,10604.9697265625
2020-05-05 00:00:00,2863.699951171875,23764.779296875,9152.6396484375,1256.989990234375,2770.699951171875,5799.7998046875,4277.6298828125,10465.169921875,23797.470703125,20037.470703125,5351.2998046875,9136.849609375,31.889999389648438,10964.8896484375
2020-04-28 00:00:00,2929.800048828125,23883.08984375,9220.349609375,1329.6400146484375,2908.110107421875,5936.0,4549.64013671875,10904.48046875,24230.169921875,20179.08984375,5339.89990234375,9251.5,27.979999542236328,11001.580078125
2020-04-21 00:00:00,2830.7099609375,24101.55078125,8718.1796875,1260.47998046875,2927.929931640625,5763.10009765625,4572.18017578125,10861.6396484375,24643.58984375,19619.349609375,5193.0,9859.900390625,37.189998626708984,10721.7802734375
2020-04-14 00:00:00,2836.739990234375,23018.880859375,8786.599609375,1233.050048828125,2809.070068359375,5752.2001953125,4393.31982421875,10336.08984375,23831.330078125,19262.0,5192.5,9154.400390625,35.93000030517578,10423.4599609375
2020-04-07 00:00:00,2874.56005859375,23949.759765625,8832.41015625,1229.0999755859375,2888.300048828125,5787.0,4499.009765625,10625.7802734375,24380.0,19897.259765625,5431.60009765625,9266.75,38.150001525878906,10527.990234375
2020-03-31 00:00:00,2789.820068359375,22653.859375,8238.5302734375,1246.72998046875,2892.7900390625,5842.7001953125,4506.85009765625,10564.740234375,24300.330078125,19498.5,5332.2998046875,9111.900390625,41.66999816894531,10298.41015625
2020-03-24 00:00:00,2488.64990234375,21917.16015625,7528.10986328125,1052.050048828125,2662.989990234375,5415.5,4154.580078125,9525.76953125,23236.109375,17820.189453125,5009.7001953125,8083.7998046875,46.79999923706055,10110.1103515625
2020-03-17 00:00:00,2541.469970703125,20704.91015625,7588.3701171875,1131.989990234375,2728.64990234375,5510.2998046875,4351.490234375,9632.51953125,23484.279296875,19389.4296875,4787.7001953125,8660.25,65.54000091552734,10109.91015625
2020-03-10 00:00:00,2304.919921875,21237.380859375,6994.2900390625,1013.8900146484375,2548.5,5190.7998046875,4048.800048828125,8928.9501953125,22805.0703125,16552.830078125,4762.7001953125,8745.4501953125,66.04000091552734,10150.1298828125
2020-03-03 00:00:00,2711.02001953125,25018.16015625,7995.259765625,1210.1300048828125,2586.02001953125,5366.10009765625,4118.35986328125,9232.080078125,24032.91015625,17431.05078125,5490.60009765625,9955.2001953125,57.83000183105469,10831.1298828125
2020-02-25 00:00:00,2972.3701171875,25917.41015625,8530.33984375,1449.219970703125,3232.070068359375,6462.60009765625,5139.10986328125,11541.8701171875,26146.669921875,20749.75,6158.60009765625,10989.4501953125,41.939998626708984,11582.8203125
2020-02-18 00:00:00,2954.219970703125,27081.359375,8461.830078125,1476.4300537109375,3329.489990234375,6580.60009765625,5309.89990234375,11890.349609375,26129.9296875,21142.9609375,6383.7998046875,11201.75,40.11000061035156,10980.76953125
2020-02-11 00:00:00,3337.75,29232.189453125,9446.6904296875,1678.6099853515625,3800.3798828125,7403.89990234375,6029.72021484375,13579.330078125,27308.810546875,23386.740234375,7080.7001953125,12080.849609375,17.079999923706055,11629.7001953125
2020-02-04 00:00:00,3380.159912109375,29276.33984375,9623.580078125,1687.5799560546875,3840.969970703125,7409.10009765625,6069.35009765625,13744.2099609375,27815.599609375,23687.58984375,7074.7998046875,12113.4501953125,13.680000305175781,10916.3095703125
2020-01-28 00:00:00,3327.7099609375,28807.630859375,9401.099609375,1656.780029296875,3798.489990234375,7466.7001953125,6029.75,13513.8095703125,27404.26953125,23827.98046875,6962.60009765625,12098.349609375,15.470000267028809,10611.5498046875
2020-01-21 00:00:00,3225.52001953125,28722.849609375,8991.509765625,1614.06005859375,3640.909912109375,7286.0,5806.33984375,12981.9697265625,26312.630859375,23205.1796875,6960.0,11962.099609375,18.84000015258789,
2020-01-14 00:00:00,3295.469970703125,29196.0390625,9141.4697265625,1662.22998046875,3779.159912109375,7586.0,6024.259765625,13576.6796875,27949.640625,23827.1796875,7037.2001953125,12248.25,14.5600004196167,10681.900390625
2020-01-07 00:00:00,3329.6201171875,28939.669921875,9173.73046875,1699.6400146484375,3808.260009765625,7674.60009765625,6100.72021484375,13526.1298828125,29056.419921875,24041.259765625,7010.0,12352.349609375,12.100000381469727,10954.3896484375
2019-12-31 00:00:00,3265.35009765625,28583.6796875,8966.6396484375,1657.6400146484375,3789.52001953125,7587.89990234375,6037.10986328125,13483.3095703125,28638.19921875,23850.5703125,6874.5,12256.7998046875,12.5600004196167,10879.83984375
2019-12-24 00:00:00,3234.85009765625,28538.439453125,8793.900390625,1660.8699951171875,3773.3701171875,7622.39990234375,6044.16015625,13219.1396484375,28451.5,23656.619140625,6677.7001953125,12226.650390625,14.020000457763672,10656.41015625
2019-12-17 00:00:00,3240.02001953125,28515.44921875,8770.98046875,1669.030029296875,3782.27001953125,7644.89990234375,6037.39013671875,13337.1103515625,28225.419921875,23837.720703125,6764.7001953125,12245.7998046875,13.430000305175781,10233.76953125
2019-12-10 00:00:00,3221.219970703125,28267.16015625,8678.490234375,1671.9000244140625,3776.56005859375,7582.5,6021.52978515625,13318.900390625,27871.349609375,23816.630859375,6758.0,12271.7998046875,12.510000228881836,10229.490234375
2019-12-03 00:00:00,3168.800048828125,27881.720703125,8487.7099609375,1637.97998046875,3731.070068359375,7353.39990234375,5919.02001953125,13282.7197265625,27687.759765625,24023.099609375,6682.2001953125,12086.7001953125,12.630000114440918,10004.6201171875
2019-11-26 00:00:00,3145.909912109375,27502.810546875,8397.3701171875,1633.8399658203125,3692.340087890625,7239.7001953125,5871.91015625,13166.580078125,26498.369140625,23354.400390625,6651.60009765625,11921.5,13.619999885559082,9878.6201171875
2019-11-19 00:00:00,3140.97998046875,28121.6796875,8403.6796875,1624.5,3703.580078125,7346.5,5905.169921875,13236.3798828125,26346.490234375,23293.91015625,6790.39990234375,12056.0498046875,12.619999885559082,9582.16015625
2019-11-12 00:00:00,3110.2900390625,27934.01953125,8272.0498046875,1588.93994140625,3687.320068359375,7326.7998046875,5893.1298828125,13163.8798828125,26595.080078125,23112.880859375,6658.7998046875,11914.400390625,12.34000015258789,9626.900390625
2019-11-05 00:00:00,3120.4599609375,27691.490234375,8315.51953125,1596.449951171875,3711.610107421875,7302.89990234375,5939.27001953125,13241.75,26326.66015625,23303.3203125,6744.7998046875,11895.4501953125,12.050000190734863,9647.990234375
2019-10-29 00:00:00,3093.080078125,27492.630859375,8255.8896484375,1598.8599853515625,3699.64990234375,7359.39990234375,5889.7001953125,13228.5595703125,27651.140625,23391.869140625,6679.10009765625,11908.150390625,12.069999694824219,9895.33984375
2019-10-22 00:00:00,3066.909912109375,27071.4609375,8161.169921875,1589.3299560546875,3623.739990234375,7302.39990234375,5761.89013671875,12961.0498046875,27100.759765625,22850.76953125,6625.2001953125,11890.599609375,12.300000190734863,9802.330078125
2019-10-15 00:00:00,3022.550048828125,26788.099609375,8029.22021484375,1558.7099609375,3624.679931640625,7324.5,5722.14990234375,12894.509765625,26667.390625,22799.810546875,6696.89990234375,11583.900390625,12.649999618530273,9660.4404296875
2019-10-08 00:00:00,2986.199951171875,27024.80078125,7868.490234375,1535.47998046875,3579.409912109375,7150.60009765625,5636.25,12633.599609375,26719.580078125,22492.6796875,6610.0,11661.849609375,14.25,9533.509765625
2019-10-01 00:00:00,2970.27001953125,26164.0390625,7843.8798828125,1511.9000244140625,3569.919921875,7247.10009765625,5665.47998046875,12511.650390625,26308.439453125,21798.869140625,6569.60009765625,11305.0498046875,15.579999923706055,9666.580078125
2019-09-24 00:00:00,2952.010009765625,26573.0390625,7754.10009765625,1500.699951171875,3446.7099609375,7155.39990234375,5488.31982421875,12012.8095703125,25821.029296875,21410.19921875,6479.0,11174.75,17.040000915527344,9446.240234375
2019-09-17 00:00:00,2961.7900390625,26807.76953125,7681.580078125,1520.47998046875,3545.8798828125,7426.2001953125,5640.580078125,12380.9404296875,25954.810546875,21878.900390625,6677.10009765625,11512.400390625,17.219999313354492,9548.9599609375
2019-09-10 00:00:00,2992.070068359375,27110.80078125,7823.5498046875,1559.760009765625,3571.389892578125,7344.89990234375,5690.77978515625,12468.009765625,26435.669921875,22079.08984375,6693.2001953125,11274.2001953125,15.319999694824219,9881.25
2019-09-03 00:00:00,3007.389892578125,26909.4296875,7892.9501953125,1578.1400146484375,3550.110107421875,7367.5,5655.4599609375,12468.5302734375,27352.689453125,21988.2890625,6628.60009765625,11075.900390625,13.739999771118164,9919.7998046875
2019-08-27 00:00:00,2978.7099609375,26118.01953125,7852.5400390625,1505.1700439453125,3495.18994140625,7282.2998046875,5603.990234375,12191.73046875,26690.759765625,21199.5703125,6607.10009765625,10946.2001953125,15.0,9823.419921875
2019-08-20 00:00:00,2926.4599609375,25777.900390625,7691.0,1494.8399658203125,3426.760009765625,7207.2001953125,5480.47998046875,11939.2802734375,25724.73046875,20704.369140625,6561.2998046875,11023.25,18.979999542236328,9365.6796875
2019-08-13 00:00:00,2847.110107421875,25962.439453125,7464.990234375,1459.489990234375,3334.25,7095.0,5326.8701171875,11611.509765625,26179.330078125,20710.91015625,6480.5,10829.349609375,19.8700008392334,9362.5498046875
2019-08-06 00:00:00,2888.679931640625,26279.91015625,7604.10986328125,1493.6400146484375,3329.080078125,7117.2001953125,5300.7900390625,11562.740234375,25734.220703125,20418.810546875,6364.10009765625,11047.7998046875,18.469999313354492,9060.919921875
2019-07-30 00:00:00,2918.64990234375,26029.51953125,7646.27001953125,1513.0400390625,3333.739990234375,7253.89990234375,5327.919921875,11693.7998046875,25939.30078125,20684.8203125,6538.5,11109.650390625,17.969999313354492,8795.1796875
2019-07-23 00:00:00,2932.050048828125,27198.01953125,7692.7998046875,1533.6600341796875,3376.1201171875,7407.10009765625,5359.0,11872.4404296875,26918.580078125,21087.16015625,6724.7998046875,10997.349609375,17.610000610351562,9136.4599609375
2019-07-16 00:00:00,3025.860107421875,27349.189453125,8016.9501953125,1578.969970703125,3524.469970703125,7549.10009765625,5610.0498046875,12419.900390625,28397.740234375,21658.150390625,6746.7001953125,11284.2998046875,12.15999984741211,9349.0
2019-07-09 00:00:00,2976.610107421875,27335.630859375,7834.89990234375,1547.9000244140625,3480.179931640625,7508.7001953125,5552.33984375,12260.0703125,28765.400390625,21466.990234375,6654.10009765625,11419.25,14.449999809265137,9228.5498046875
2019-07-02 00:00:00,3013.77001953125,26783.490234375,7943.240234375,1570.0,3497.6298828125,7506.0,5572.85986328125,12323.3203125,28471.619140625,21685.900390625,6648.7001953125,11552.5,12.390000343322754,9213.3798828125
2019-06-25 00:00:00,2990.409912109375,26786.6796875,7841.2998046875,1575.6199951171875,3527.97998046875,7553.10009765625,5593.72021484375,12568.5302734375,28774.830078125,21746.380859375,6699.39990234375,11811.150390625,13.279999732971191,9443.2197265625
2019-06-18 00:00:00,2941.760009765625,26548.220703125,7671.080078125,1566.5699462890625,3473.68994140625,7425.60009765625,5538.97021484375,12398.7998046875,28542.619140625,21275.919921875,6569.7998046875,11788.849609375,15.079999923706055,9178.3095703125
2019-06-11 00:00:00,2950.4599609375,26465.5390625,7728.77978515625,1549.6300048828125,3466.919921875,7407.5,5528.330078125,12339.919921875,28473.7109375,21258.640625,6602.7001953125,11724.099609375,15.399999618530273,9214.26953125
2019-06-04 00:00:00,2886.97998046875,26048.509765625,7479.10986328125,1522.5,3379.18994140625,7345.7998046875,5367.6201171875,12096.400390625,27118.349609375,21116.890625,6504.2998046875,11823.2998046875,15.279999732971191,8810.1298828125
2019-05-28 00:00:00,2873.340087890625,25332.1796875,7417.2900390625,1514.3900146484375,3378.3798828125,7331.89990234375,5364.0498046875,12045.3798828125,26965.279296875,20884.7109375,6394.5,11870.650390625,16.299999237060547,8584.9404296875
2019-05-21 00:00:00,2752.06005859375,25347.76953125,7127.9599609375,1465.489990234375,3280.429931640625,7161.7001953125,5207.6298828125,11726.83984375,26901.08984375,20601.189453125,6348.7001953125,11922.7998046875,18.709999084472656,8922.6904296875
2019-05-14 00:00:00,2826.06005859375,25877.330078125,7300.9599609375,1514.1099853515625,3350.699951171875,7277.7001953125,5316.509765625,12011.0400390625,27353.9296875,21117.220703125,6405.5,11844.099609375,15.850000381469727,8776.76953125
2019-05-07 00:00:00,2859.530029296875,25532.05078125,7503.68017578125,1535.760009765625,3425.639892578125,7348.60009765625,5438.22998046875,12238.9404296875,27946.4609375,21250.08984375,6313.10009765625,11407.150390625,15.960000038146973,9000.1904296875
2019-04-30 00:00:00,2881.39990234375,25965.08984375,7586.52978515625,1572.989990234375,3361.050048828125,7203.2998046875,5327.43994140625,12059.830078125,28550.240234375,21344.919921875,6259.2998046875,11278.900390625,16.040000915527344,9235.3896484375
2019-04-23 00:00:00,2945.639892578125,26592.91015625,7845.72998046875,1614.02001953125,3502.47998046875,7380.60009765625,5548.83984375,12412.75,30081.55078125,,6282.2998046875,11712.25,12.869999885559082,9674.5302734375
2019-04-16 00:00:00,2939.8798828125,26656.390625,7826.68017578125,1589.9000244140625,3500.409912109375,7428.2001953125,5569.35986328125,12315.1796875,29605.009765625,22258.73046875,6332.0,11754.650390625,12.729999542236328,9780.8203125
2019-04-09 00:00:00,2905.030029296875,26452.66015625,7689.72021484375,1565.75,3499.22998046875,7459.89990234375,5580.3798828125,12222.3896484375,29963.259765625,22200.560546875,6207.7998046875,11752.7998046875,12.09000015258789,10418.240234375
2019-04-02 00:00:00,2907.409912109375,26150.580078125,7628.14990234375,1584.800048828125,3447.830078125,7437.10009765625,5502.7001953125,11999.9296875,29909.759765625,21870.560546875,6198.0,11643.4501953125,12.010000228881836,10132.33984375
2019-03-26 00:00:00,2892.739990234375,26179.130859375,7578.83984375,1582.56005859375,3447.469970703125,7446.89990234375,5476.2001953125,12009.75,29936.3203125,21807.5,6127.7998046875,11665.9501953125,12.819999694824219,10415.7998046875
2019-03-19 00:00:00,2834.39990234375,25657.73046875,7378.77001953125,1539.739990234375,3351.7099609375,7279.2001953125,5350.52978515625,11526.0400390625,29051.359375,21205.810546875,6126.39990234375,11623.900390625,13.710000038146973,9906.8603515625
2019-03-12 00:00:00,2800.7099609375,25887.380859375,7326.06005859375,1505.9200439453125,3305.72998046875,7207.60009765625,5269.919921875,11364.169921875,29113.359375,21627.33984375,6141.0,11456.900390625,16.479999542236328,9879.2197265625
2019-03-05 00:00:00,2822.47998046875,25554.66015625,7306.990234375,1553.5400390625,3386.080078125,7228.2998046875,5405.31982421875,11685.6904296875,29012.259765625,21450.849609375,6121.2998046875,11426.849609375,12.880000114440918,9550.5400390625
2019-02-26 00:00:00,2743.070068359375,25806.630859375,7015.68994140625,1521.8800048828125,3283.60009765625,7104.2998046875,5231.22021484375,11457.83984375,28228.419921875,21025.560546875,6149.2998046875,11035.400390625,16.049999237060547,9363.7197265625
2019-02-19 00:00:00,2803.68994140625,26057.98046875,7151.56982421875,1589.6400146484375,3312.10009765625,7106.7001953125,5265.18994140625,11601.6796875,28812.169921875,21602.689453125,6138.2001953125,10863.5,13.569999694824219,9167.650390625
2019-02-12 00:00:00,2792.669921875,25891.3203125,7090.6298828125,1590.06005859375,3270.550048828125,7178.60009765625,5215.85009765625,11457.7001953125,28816.30078125,21425.509765625,6114.7998046875,10791.650390625,13.510000228881836,8651.2001953125
2019-02-05 00:00:00,2775.60009765625,25425.759765625,7055.18017578125,1569.25,3241.25,7236.7001953125,5153.18994140625,11299.7998046875,27900.83984375,20900.630859375,6013.2001953125,10724.400390625,14.90999984741211,8125.6298828125
2019-01-29 00:00:00,2707.8798828125,25411.51953125,6913.1298828125,1506.3900146484375,3135.6201171875,7071.2001953125,4961.64013671875,10906.7802734375,27946.3203125,20333.169921875,6017.2001953125,10943.599609375,15.720000267028809,
2019-01-22 00:00:00,2706.530029296875,24579.9609375,6875.52001953125,1502.050048828125,3171.1201171875,7020.2001953125,5019.259765625,11180.66015625,27930.740234375,20788.390625,5811.2001953125,10893.650390625,16.139999389648438,7684.0
2019-01-15 00:00:00,2664.760009765625,24404.48046875,6787.3701171875,1482.8499755859375,3163.239990234375,6809.2001953125,4925.81982421875,11281.7900390625,27569.189453125,20773.560546875,5850.60009765625,10780.5498046875,17.420000076293945,7595.4501953125
2019-01-08 00:00:00,2670.7099609375,24065.58984375,6784.60986328125,1482.5,3134.919921875,6968.2998046875,4875.93017578125,11205.5400390625,27090.810546875,20666.0703125,5822.7998046875,10906.9501953125,17.799999237060547,7581.39013671875
2019-01-01 00:00:00,2596.260009765625,23787.44921875,6601.39990234375,1447.3800048828125,3070.0400390625,6918.2001953125,4781.33984375,10887.4599609375,26667.26953125,20359.69921875,5718.39990234375,10794.9501953125,18.190000534057617,7474.009765625
2018-12-25 00:00:00,2531.93994140625,23327.4609375,6422.669921875,1380.75,3041.85009765625,6837.39990234375,4737.1201171875,10767.6904296875,25626.029296875,19561.9609375,5564.7998046875,10727.349609375,21.3799991607666,7284.83984375
2018-12-18 00:00:00,2485.739990234375,21792.19921875,6285.27001953125,1337.9200439453125,2986.530029296875,6734.0,4678.740234375,10558.9599609375,25504.19921875,20014.76953125,5598.60009765625,10859.900390625,28.34000015258789,7239.7900390625
2018-12-11 00:00:00,2416.6201171875,23675.640625,6046.56005859375,1292.0899658203125,3000.610107421875,6721.2001953125,4694.3798828125,10633.8203125,25753.419921875,20166.189453125,5413.39990234375,10754.0,30.110000610351562,7337.60009765625
2018-12-04 00:00:00,2599.949951171875,24370.240234375,6594.9599609375,1410.81005859375,3092.60009765625,6845.2001953125,4853.7001953125,10865.76953125,26094.7890625,21374.830078125,5546.2001953125,10805.4501953125,21.6299991607666,7629.64990234375
2018-11-27 00:00:00,2633.080078125,25027.0703125,6613.27978515625,1448.0899658203125,3058.530029296875,6778.10009765625,4813.1298828125,10788.08984375,26063.759765625,21678.6796875,5626.5,10693.7001953125,23.229999542236328,7733.85986328125
2018-11-20 00:00:00,2760.169921875,24748.73046875,6949.009765625,1533.27001953125,3173.1298828125,6980.2001953125,5003.919921875,11257.240234375,26506.75,22351.060546875,5610.7001953125,10876.75,18.06999969482422,7681.7197265625
2018-11-13 00:00:00,2632.56005859375,24465.640625,6527.35009765625,1488.6800537109375,3137.2099609375,6952.89990234375,4946.9501953125,11192.6904296875,25927.6796875,21646.55078125,5660.5,10526.75,21.520000457763672,7636.669921875
2018-11-06 00:00:00,2736.27001953125,25286.490234375,6867.02001953125,1527.530029296875,3180.739990234375,7013.89990234375,5025.2001953125,11341.0,26183.529296875,21680.33984375,5671.7998046875,10682.2001953125,18.139999389648438,8062.25830078125
2018-10-30 00:00:00,2781.010009765625,25635.009765625,7039.14990234375,1549.489990234375,3229.489990234375,7105.2998046875,5106.75,11529.16015625,25601.919921875,22250.25,5862.10009765625,10585.2001953125,17.360000610351562,7648.51953125
2018-10-23 00:00:00,2723.06005859375,24874.640625,6965.2900390625,1547.97998046875,3214.409912109375,7094.10009765625,5102.1298828125,11518.990234375,26486.349609375,22243.66015625,5788.5,10553.0,19.510000228881836,7867.50927734375
2018-10-16 00:00:00,2658.68994140625,25191.4296875,6852.39990234375,1483.8199462890625,3134.889892578125,6939.60009765625,4967.3701171875,11200.6201171875,24717.630859375,21184.599609375,5604.0,10030.0,24.15999984741211,7504.69091796875
2018-10-09 00:00:00,2767.780029296875,25798.419921875,7107.22998046875,1542.0400390625,3210.820068359375,7049.7998046875,5084.66015625,11553.830078125,25561.400390625,22532.080078125,5877.2998046875,10303.5498046875,19.889999389648438,7387.7109375
2018-10-02 00:00:00,2767.1298828125,26430.5703125,7157.2099609375,1546.6800537109375,3194.409912109375,6995.89990234375,5095.97998046875,11523.8095703125,25801.490234375,22694.66015625,5832.7998046875,10472.5,21.309999465942383,7558.25
2018-09-25 00:00:00,2885.570068359375,26773.939453125,7399.009765625,1632.1099853515625,3345.510009765625,7318.5,5359.35986328125,12111.900390625,26572.5703125,23783.720703125,6119.2001953125,10316.4501953125,14.819999694824219,
2018-09-18 00:00:00,2913.97998046875,26492.2109375,7627.64990234375,1696.5699462890625,3399.199951171875,7510.2001953125,5493.490234375,12246.73046875,27788.51953125,24120.0390625,6137.7998046875,10930.4501953125,12.119999885559082,8401.056640625
2018-09-11 00:00:00,2929.669921875,26246.9609375,7531.06982421875,1712.3199462890625,3430.81005859375,7490.2001953125,5494.169921875,12430.8798828125,27953.580078125,23869.9296875,6124.0,11143.099609375,11.680000305175781,8409.146484375
2018-09-04 00:00:00,2904.97998046875,25971.060546875,7545.5,1721.719970703125,3344.6298828125,7304.0,5352.56982421875,12124.330078125,27286.41015625,23094.669921875,6095.2001953125,11515.2001953125,12.069999694824219,8113.84814453125
2018-08-28 00:00:00,2871.679931640625,25952.48046875,7430.259765625,1713.1800537109375,3293.360107421875,7277.7001953125,5252.22021484375,11959.6298828125,26973.470703125,22307.060546875,6074.5,11589.099609375,14.880000114440918,8322.3271484375
2018-08-21 00:00:00,2901.52001953125,26064.01953125,7654.5498046875,1740.75,3392.89990234375,7432.39990234375,5406.85009765625,12364.0595703125,27888.55078125,22865.150390625,6249.7001953125,11680.5,12.859999656677246,8465.4365234375
2018-08-14 00:00:00,2874.68994140625,25822.2890625,7485.39990234375,1725.6700439453125,3427.43994140625,7577.5,5432.5,12394.51953125,27671.869140625,22601.76953125,6177.7001953125,11557.099609375,11.989999771118164,8484.70703125
2018-08-07 00:00:00,2850.1298828125,25299.919921875,7377.5400390625,1692.949951171875,3372.93994140625,7558.60009765625,5344.93017578125,12210.5498046875,27213.41015625,22270.380859375,6270.89990234375,11470.75,12.640000343322754,8357.0068359375
2018-07-31 00:00:00,2833.280029296875,25628.91015625,7408.2998046875,1686.800048828125,3426.280029296875,7667.0,5414.68017578125,12424.349609375,28366.619140625,22298.080078125,6208.7998046875,11429.5,13.15999984741211,8813.455078125
2018-07-24 00:00:00,2840.35009765625,25415.189453125,7395.490234375,1673.3699951171875,3482.39990234375,7659.10009765625,5478.97998046875,12615.759765625,27676.3203125,22525.1796875,6165.60009765625,11360.7998046875,11.640000343322754,8602.0859375
2018-07-17 00:00:00,2818.820068359375,25241.939453125,7296.77978515625,1663.3399658203125,3527.179931640625,7701.2998046875,5511.759765625,12860.400390625,28804.279296875,22712.75,6230.5,11278.349609375,13.029999732971191,9295.8935546875
2018-07-10 00:00:00,2801.830078125,25119.890625,7350.22998046875,1696.81005859375,3460.030029296875,7678.7998046875,5398.31982421875,12561.419921875,28224.48046875,22697.880859375,6216.5,11010.2001953125,12.859999656677246,9251.4443359375
2018-07-03 00:00:00,2801.31005859375,24919.66015625,7375.81982421875,1687.0799560546875,3454.5400390625,7661.89990234375,5429.2001953125,12540.73046875,28525.439453125,22597.349609375,6199.60009765625,11018.900390625,12.180000305175781,9326.9326171875
2018-06-26 00:00:00,2759.820068359375,24174.8203125,7207.330078125,1694.050048828125,3448.489990234375,7617.7001953125,5375.77001953125,12496.169921875,28315.619140625,21788.140625,6202.2001953125,10772.650390625,13.369999885559082,8911.3046875
2018-06-19 00:00:00,2718.3701171875,24283.109375,7040.7998046875,1643.0699462890625,3395.60009765625,7636.89990234375,5323.52978515625,12306.0,28955.109375,22304.509765625,6128.89990234375,10714.2998046875,16.09000015258789,9379.4326171875
2018-06-12 00:00:00,2754.8798828125,24700.2109375,7197.509765625,1685.5799560546875,3441.60009765625,7682.2998046875,5387.3798828125,12579.7197265625,29338.69921875,22516.830078125,6158.10009765625,10821.849609375,13.770000457763672,9409.9130859375
2018-06-05 00:00:00,2779.659912109375,25320.73046875,7255.759765625,1683.9100341796875,3505.02001953125,7633.89990234375,5501.8798828125,13010.5498046875,30309.490234375,22851.75,6027.7001953125,10817.7001953125,11.979999542236328,9943.0908203125
2018-05-29 00:00:00,2779.030029296875,24799.98046875,7152.6201171875,1672.489990234375,3447.300048828125,7681.10009765625,5450.22021484375,12766.5498046875,30958.2109375,22694.5,5980.5,10767.650390625,12.180000305175781,10205.4794921875
2018-05-22 00:00:00,2734.6201171875,24361.44921875,7083.93017578125,1647.97998046875,3453.5400390625,7701.7998046875,5465.52978515625,12724.26953125,30492.91015625,22171.349609375,5928.89990234375,10696.2001953125,13.460000038146973,10169.3095703125
2018-05-15 00:00:00,2721.330078125,24834.41015625,6960.919921875,1626.9300537109375,3515.360107421875,7730.2998046875,5542.5498046875,12938.009765625,30588.0390625,22450.7890625,5970.39990234375,10605.150390625,13.220000267028809,10448.1787109375
2018-05-08 00:00:00,2712.969970703125,24706.41015625,6866.25,1626.6300048828125,3573.760009765625,7778.7998046875,5614.509765625,13077.7197265625,31047.91015625,22930.359375,6023.60009765625,10596.400390625,13.420000076293945,10672.4775390625
2018-05-01 00:00:00,2727.719970703125,24360.2109375,6952.56005859375,1606.7900390625,3565.52001953125,7724.60009765625,5541.93994140625,13001.240234375,31122.060546875,22758.48046875,6050.89990234375,10806.5,12.649999618530273,10634.2578125
2018-04-24 00:00:00,2663.419921875,24099.05078125,6769.1201171875,1565.5999755859375,3550.590087890625,7567.10009765625,5516.0498046875,12819.599609375,29926.5,22472.779296875,6000.2001953125,10618.25,14.770000457763672,10426.1494140625
2018-04-17 00:00:00,2669.909912109375,24024.130859375,6656.35009765625,1556.239990234375,3518.780029296875,7502.2001953125,5483.18994140625,12580.8701171875,30280.669921875,22467.869140625,5890.39990234375,10692.2998046875,15.40999984741211,10324.4287109375
2018-04-10 00:00:00,2670.139892578125,24786.630859375,6667.75,1564.1199951171875,3494.199951171875,7368.2001953125,5412.830078125,12540.5,30418.330078125,22162.240234375,5806.60009765625,10564.0498046875,16.8799991607666,10408.869140625
2018-04-03 00:00:00,2656.300048828125,24408.0,6628.33984375,1549.510009765625,3448.0,7264.60009765625,5315.02001953125,12442.400390625,30808.380859375,21778.740234375,5766.7998046875,10480.599609375,17.40999984741211,10686.9775390625
2018-03-27 00:00:00,2604.469970703125,24033.359375,6433.2099609375,1513.300048828125,3408.10009765625,7183.60009765625,5258.240234375,12241.26953125,29844.939453125,21567.51953125,5727.2001953125,10331.599609375,21.489999771118164,10684.517578125
2018-03-20 00:00:00,2640.8701171875,23857.7109375,6581.1298828125,1529.4300537109375,3361.5,7056.60009765625,5167.2998046875,12096.73046875,30093.380859375,21454.30078125,5697.7001953125,10113.7001953125,19.969999313354492,10868.607421875
2018-03-13 00:00:00,2588.260009765625,24727.26953125,6508.08984375,1510.0799560546875,3298.070068359375,6921.89990234375,5095.22021484375,11886.3095703125,30309.2890625,20617.859375,5758.2001953125,9998.0498046875,24.8700008392334,10439.94921875
2018-03-06 00:00:00,2752.010009765625,25007.029296875,7019.9501953125,1586.050048828125,3437.39990234375,7164.10009765625,5282.75,12389.580078125,31501.970703125,21676.509765625,5886.7998046875,10195.150390625,15.800000190734863,11051.076171875
2018-02-27 00:00:00,2786.570068359375,24884.119140625,7101.18017578125,1597.1400146484375,3420.5400390625,7224.5,5274.39990234375,12346.6796875,30996.2109375,21469.19921875,5899.85009765625,10226.849609375,14.640000343322754,11194.8662109375
2018-02-20 00:00:00,2691.25,25410.029296875,6811.0400390625,1533.1700439453125,3324.75,7069.89990234375,5136.580078125,11913.7099609375,30583.44921875,21181.640625,5868.5,10458.349609375,19.59000015258789,10856.20703125
2018-02-13 00:00:00,2747.300048828125,24964.75,6896.60009765625,1549.18994140625,3441.4599609375,7244.39990234375,5317.3701171875,12483.7900390625,31267.169921875,21892.779296875,5939.0,10491.0498046875,16.489999771118164,10662.748046875
2018-02-06 00:00:00,2732.219970703125,24640.44921875,6770.66015625,1543.550048828125,3426.800048828125,7294.7001953125,5281.580078125,12451.9599609375,31115.4296875,21720.25,5841.43017578125,10452.2998046875,19.459999084472656,10431.869140625
2018-01-30 00:00:00,2619.550048828125,24912.76953125,6412.68017578125,1477.8399658203125,3325.989990234375,7092.39990234375,5079.2099609375,12107.48046875,29507.419921875,21382.619140625,5775.7998046875,10454.9501953125,29.059999465942383,10001.19140625
2018-01-23 00:00:00,2762.1298828125,26076.890625,6760.2900390625,1547.27001953125,3523.280029296875,7443.39990234375,5364.97998046875,12785.16015625,32601.779296875,23274.529296875,6055.39990234375,10760.599609375,17.309999465942383,10925.1171875
2018-01-16 00:00:00,2872.8701171875,26210.810546875,7022.97021484375,1608.06005859375,3647.409912109375,7665.5,5529.14990234375,13340.169921875,33154.12109375,23631.880859375,5983.89990234375,11069.650390625,11.079999923706055,11557.7744140625
2018-01-09 00:00:00,2810.300048828125,25792.859375,6834.330078125,1597.6300048828125,3649.070068359375,7730.7998046875,5526.509765625,13434.4501953125,32254.890625,23808.060546875,5941.89990234375,10894.7001953125,11.270000457763672,11296.224609375
2018-01-02 00:00:00,2786.239990234375,25385.80078125,6758.5400390625,1591.969970703125,3612.610107421875,7778.60009765625,5517.06005859375,13245.0302734375,31412.5390625,23653.8203125,6006.2001953125,10681.25,10.15999984741211,11461.9453125
2017-12-26 00:00:00,2743.14990234375,24824.009765625,6653.2900390625,1560.010009765625,3607.6298828125,7724.2001953125,5470.75,13319.6396484375,30814.640625,23714.529296875,6057.5,10558.849609375,9.220000267028809,11342.8046875
2017-12-19 00:00:00,2673.610107421875,24746.2109375,6396.419921875,1535.510009765625,3503.9599609375,7687.7998046875,5312.56005859375,12917.6396484375,29919.150390625,22764.939453125,6000.5,10530.7001953125,11.039999961853027,11040.4072265625
2017-12-12 00:00:00,2683.340087890625,24754.75,6465.169921875,1542.9300537109375,3553.389892578125,7592.7001953125,5364.72021484375,13072.7900390625,29578.009765625,22902.759765625,6004.2001953125,10493.0,9.899999618530273,11094.1162109375
2017-12-05 00:00:00,2675.81005859375,24504.80078125,6466.31982421875,1530.4200439453125,3560.530029296875,7490.60009765625,5349.2998046875,13103.5595703125,28848.109375,22553.220703125,5932.2998046875,10333.25,9.420000076293945,10998.0771484375
2017-11-28 00:00:00,2651.5,24180.640625,6344.56982421875,1521.719970703125,3591.449951171875,7394.0,5399.08984375,13153.7001953125,28639.849609375,22811.080078125,5927.7001953125,10265.650390625,9.579999923706055,10935.0166015625
2017-11-21 00:00:00,2642.219970703125,23836.7109375,6337.8701171875,1537.02001953125,3527.550048828125,7300.5,5316.89013671875,12861.490234375,29074.240234375,22819.029296875,5924.2001953125,10121.7998046875,11.430000305175781,11013.107421875
2017-11-14 00:00:00,2602.419921875,23590.830078125,6409.2900390625,1519.1600341796875,3581.22998046875,7409.60009765625,5390.4599609375,13059.83984375,29866.3203125,22550.849609375,5918.2998046875,10389.7001953125,9.670000076293945,11168.345703125
2017-11-07 00:00:00,2578.85009765625,23409.470703125,6314.509765625,1492.8199462890625,3547.4599609375,7380.7001953125,5319.169921875,12993.73046875,29199.0390625,22396.80078125,5892.5,10283.599609375,11.430000305175781,11292.8857421875
2017-10-31 00:00:00,2582.300048828125,23557.23046875,6309.06982421875,1475.27001953125,3593.760009765625,7433.0,5380.72021484375,13127.4697265625,29120.919921875,22681.419921875,5966.10009765625,10321.75,11.289999961853027,11645.00390625
2017-10-24 00:00:00,2587.840087890625,23377.240234375,6295.580078125,1494.9100341796875,3689.9599609375,7560.39990234375,5517.97021484375,13478.8603515625,28603.609375,22539.119140625,5898.0,10452.5,9.140000343322754,11215.146484375
2017-10-17 00:00:00,2581.070068359375,23441.759765625,6213.47021484375,1508.3199462890625,3652.22998046875,7505.0,5494.1298828125,13217.5400390625,28438.849609375,22008.44921875,5840.10009765625,10323.0498046875,9.800000190734863,11444.474609375
2017-10-10 00:00:00,2575.2099609375,22997.439453125,6108.81982421875,1509.25,3605.090087890625,7523.2001953125,5372.3798828125,12991.2802734375,28487.240234375,21457.640625,5846.39990234375,10146.5498046875,9.970000267028809,11238.8359375
2017-10-03 00:00:00,2553.169921875,22830.6796875,6092.4501953125,1502.6600341796875,3604.550048828125,7535.39990234375,5351.740234375,12991.8701171875,28476.4296875,21155.1796875,5755.0,10167.4501953125,9.609999656677246,11399.044921875
2017-09-26 00:00:00,2549.330078125,22641.669921875,6064.56982421875,1510.219970703125,3603.320068359375,7522.89990234375,5359.89990234375,12955.9404296875,28458.0390625,20690.7109375,5651.10009765625,9979.7001953125,9.649999618530273,
2017-09-19 00:00:00,2519.360107421875,22284.3203125,5979.2998046875,1490.8599853515625,3594.85009765625,7372.7998046875,5329.81005859375,12828.8603515625,27554.30078125,20356.279296875,5620.7998046875,9788.599609375,9.510000228881836,11087.146484375
2017-09-12 00:00:00,2502.219970703125,22370.80078125,5932.31982421875,1450.780029296875,3541.419921875,7310.60009765625,5281.2900390625,12592.349609375,27880.529296875,20296.44921875,5621.5,9964.400390625,9.59000015258789,11069.7763671875
2017-09-05 00:00:00,2500.22998046875,22118.859375,5988.0,1431.7099609375,3515.550048828125,7215.5,5213.91015625,12518.8095703125,27807.58984375,19909.5,5634.89990234375,10085.400390625,10.170000076293945,11062.9755859375
2017-08-29 00:00:00,2461.429931640625,21753.310546875,5913.3701171875,1399.4300537109375,3447.68994140625,7377.60009765625,5113.490234375,12303.98046875,27668.470703125,19274.8203125,5613.7001953125,9934.7998046875,12.119999885559082,10970.646484375
2017-08-22 00:00:00,2476.550048828125,21865.369140625,5987.89990234375,1413.5699462890625,3443.8798828125,7438.5,5123.259765625,12142.6396484375,27953.16015625,19691.470703125,5664.10009765625,9974.400390625,10.130000114440918,10880.4375
2017-08-15 00:00:00,2443.050048828125,21899.890625,5822.52978515625,1377.449951171875,3438.550048828125,7401.5,5104.330078125,12167.9404296875,27848.16015625,19452.609375,5683.10009765625,9857.0498046875,11.279999732971191,10658.890625
2017-08-08 00:00:00,2425.550048828125,21998.990234375,5790.91015625,1357.7900390625,3446.030029296875,7324.0,5114.14990234375,12165.1904296875,27047.5703125,19470.41015625,5686.5,9837.400390625,14.260000228881836,10613.9609375
2017-08-01 00:00:00,2441.320068359375,22085.33984375,5831.52978515625,1374.22998046875,3406.340087890625,7310.0,5060.919921875,12014.0595703125,26883.509765625,19729.740234375,5632.7998046875,9710.7998046875,15.510000228881836,10291.234375
2017-07-25 00:00:00,2476.830078125,21963.919921875,5899.91015625,1412.3199462890625,3507.409912109375,7511.7001953125,5203.43994140625,12297.7197265625,27562.6796875,19952.330078125,5659.2998046875,10066.400390625,10.029999732971191,10361.1142578125
2017-07-18 00:00:00,2472.10009765625,21613.4296875,5908.919921875,1429.260009765625,3467.72998046875,7368.39990234375,5131.39013671875,12162.7001953125,26979.390625,19959.83984375,5643.10009765625,10014.5,10.289999961853027,10437.8232421875
2017-07-11 00:00:00,2472.5400390625,21574.73046875,5921.52978515625,1435.8399658203125,3451.7099609375,7452.89990234375,5117.66015625,12240.0595703125,26706.08984375,20099.75,5662.2001953125,9915.25,9.359999656677246,10364.7041015625
2017-07-04 00:00:00,2459.27001953125,21409.0703125,5838.080078125,1428.8199462890625,3525.93994140625,7378.39990234375,5235.31005859375,12631.7197265625,26389.23046875,20118.859375,5702.7998046875,9886.349609375,9.510000228881836,10427.6728515625
2017-06-27 00:00:00,2425.179931640625,21479.26953125,5656.47021484375,1415.8399658203125,3463.840087890625,7350.89990234375,5145.16015625,12388.6796875,25340.849609375,19929.08984375,5640.39990234375,9665.7998046875,11.1899995803833,10563.6005859375
2017-06-20 00:00:00,2423.409912109375,21310.66015625,5646.919921875,1415.3599853515625,3441.8798828125,7312.7001953125,5120.68017578125,12325.1201171875,25764.580078125,20033.4296875,5658.10009765625,9520.900390625,11.180000305175781,10529.4931640625
2017-06-13 00:00:00,2438.300048828125,21467.140625,5803.10986328125,1414.780029296875,3543.679931640625,7424.10009765625,5266.1201171875,12733.41015625,25670.05078125,20132.669921875,5651.89990234375,9574.9501953125,10.020000457763672,10366.6640625
2017-06-06 00:00:00,2433.14990234375,21328.470703125,5681.47998046875,1406.72998046875,3543.8798828125,7463.5,5263.31005859375,12752.73046875,25626.490234375,19943.259765625,5710.10009765625,9588.0498046875,10.380000114440918,10191.1259765625
2017-05-30 00:00:00,2431.77001953125,21136.23046875,5741.93994140625,1421.7099609375,3586.070068359375,7527.2998046875,5299.7099609375,12815.7197265625,26030.2890625,20013.259765625,5615.2998046875,9668.25,10.699999809265137,10177.3359375
2017-05-23 00:00:00,2439.070068359375,21029.470703125,5881.4599609375,1405.3900146484375,3591.820068359375,7547.60009765625,5343.41015625,12822.9404296875,25924.05078125,20177.279296875,5723.39990234375,9653.5,9.75,9794.7802734375
2017-05-16 00:00:00,2415.820068359375,20937.91015625,5788.35986328125,1382.239990234375,3579.02001953125,7547.60009765625,5336.64013671875,12602.1796875,25639.26953125,19686.83984375,5689.89990234375,9595.099609375,9.8100004196167,9859.1201171875
2017-05-09 00:00:00,2381.72998046875,20979.75,5651.56005859375,1367.3299560546875,3587.010009765625,7470.7001953125,5324.39990234375,12638.6904296875,25174.869140625,19590.759765625,5666.7998046875,9427.900390625,12.039999961853027,9970.8486328125
2017-05-02 00:00:00,2390.89990234375,20975.779296875,5686.81005859375,1382.77001953125,3637.52001953125,7435.39990234375,5405.419921875,12770.41015625,25156.33984375,19883.900390625,5774.89990234375,9400.900390625,10.399999618530273,9787.880859375
2017-04-25 00:00:00,2399.2900390625,20949.890625,5646.08984375,1397.0,3658.7900390625,7297.39990234375,5432.39990234375,12716.8896484375,24476.349609375,19445.69921875,5775.39990234375,9285.2998046875,10.569999694824219,10024.328125
2017-04-18 00:00:00,2384.199951171875,20996.119140625,5583.52978515625,1400.4300537109375,3559.590087890625,7203.89990234375,5267.330078125,12438.009765625,24615.130859375,19196.740234375,5864.0,9304.0498046875,10.819999694824219,10234.5361328125
2017-04-11 00:00:00,2348.68994140625,20523.279296875,5442.0498046875,1379.8499755859375,3440.27001953125,7114.60009765625,5059.2001953125,12048.5703125,24042.01953125,18620.75,5795.10009765625,9119.400390625,14.630000114440918,10314.2333984375
2017-04-04 00:00:00,2328.949951171875,20651.30078125,5353.58984375,1345.239990234375,3448.260009765625,7327.60009765625,5071.10009765625,12109.0,24261.66015625,18335.630859375,5832.0,9150.7998046875,15.960000038146973,10519.7431640625
2017-03-28 00:00:00,2355.5400390625,20689.240234375,5418.3701171875,1364.56005859375,3495.800048828125,7349.39990234375,5135.27978515625,12225.0595703125,24267.30078125,18664.630859375,5805.10009765625,9198.2998046875,12.869999885559082,10669.361328125
2017-03-21 00:00:00,2362.719970703125,20701.5,5436.22998046875,1385.9200439453125,3500.929931640625,7322.89990234375,5122.509765625,12312.8701171875,24111.58984375,18909.259765625,5808.0,9173.75,12.369999885559082,10428.6025390625
2017-03-14 00:00:00,2343.97998046875,20668.009765625,5364.0,1354.6400146484375,3444.14990234375,7336.7998046875,5020.89990234375,12064.26953125,24358.26953125,19262.529296875,5697.39990234375,9108.0,12.960000038146973,10646.6005859375
2017-03-07 00:00:00,2378.25,20837.369140625,5408.759765625,1391.52001953125,3448.409912109375,7425.0,5029.240234375,12095.240234375,24309.9296875,19521.58984375,5743.7998046875,9160.0498046875,11.279999732971191,10515.29296875
2017-02-28 00:00:00,2372.60009765625,20924.759765625,5385.89990234375,1365.260009765625,3416.27001953125,7343.10009765625,4993.31982421875,11963.1796875,23568.669921875,19604.609375,5718.7998046875,8934.5498046875,11.65999984741211,10450.892578125
2017-02-21 00:00:00,2383.1201171875,20812.240234375,5373.47998046875,1394.1300048828125,3403.389892578125,7374.2998046875,4995.1298828125,12027.3603515625,23552.720703125,19469.169921875,5672.7001953125,8897.5498046875,10.960000038146973,10396.93359375
2017-02-14 00:00:00,2367.340087890625,20743.0,5343.31005859375,1394.52001953125,3304.090087890625,7243.7001953125,4845.240234375,11804.0302734375,23965.69921875,19283.5390625,5682.60009765625,8939.5,11.470000267028809,10443.61328125
2017-02-07 00:00:00,2351.159912109375,20504.41015625,5324.72021484375,1399.8599853515625,3308.81005859375,7300.0,4867.580078125,11757.01953125,24033.740234375,19234.619140625,5749.2001953125,8821.7001953125,11.489999771118164,10197.8056640625
2017-01-31 00:00:00,2316.10009765625,20090.2890625,5226.68994140625,1388.8399658203125,3270.830078125,7258.7998046875,4828.31982421875,11666.9697265625,23574.98046875,19378.9296875,5663.7998046875,8793.5498046875,10.850000381469727,10186.265625
2017-01-24 00:00:00,2297.419921875,19864.08984375,5161.60009765625,1377.8399658203125,3273.110107421875,7188.2998046875,4825.419921875,11651.490234375,23129.2109375,18918.19921875,5566.39990234375,8740.9501953125,10.970000267028809,10004.728515625
2017-01-17 00:00:00,2294.68994140625,19912.7109375,5168.06005859375,1370.699951171875,3303.330078125,7184.5,4839.97998046875,11814.26953125,23360.779296875,19467.400390625,5657.2001953125,8641.25,10.579999923706055,10051.9375
2017-01-10 00:00:00,2271.31005859375,19826.76953125,5063.2001953125,1351.8499755859375,3299.43994140625,7198.39990234375,4850.669921875,11630.1298828125,22885.91015625,19137.91015625,5600.5,8349.349609375,11.539999961853027,9906.0283203125
2017-01-03 00:00:00,2274.639892578125,19855.529296875,5059.509765625,1372.050048828125,3324.340087890625,7337.7998046875,4922.490234375,11629.1796875,22937.380859375,19287.279296875,5666.7001953125,8400.349609375,11.229999542236328,10008.1875
2016-12-27 00:00:00,2276.97998046875,19881.759765625,5007.080078125,1367.280029296875,3321.169921875,7210.10009765625,4909.83984375,11599.009765625,22503.009765625,19454.330078125,5700.39990234375,8243.7998046875,11.319999694824219,10289.2451171875
2016-12-20 00:00:00,2238.830078125,19945.0390625,4863.6201171875,1357.1300048828125,3290.52001953125,7142.7998046875,4862.31005859375,11481.0595703125,22000.560546875,19114.369140625,5610.39990234375,8185.7998046875,14.039999961853027,10177.025390625
2016-12-13 00:00:00,2263.7900390625,19974.619140625,4940.02001953125,1371.510009765625,3273.969970703125,7068.2001953125,4839.68017578125,11449.9296875,21574.759765625,19427.669921875,5572.89990234375,7985.75,11.4399995803833,10199.74609375
2016-12-06 00:00:00,2258.070068359375,19911.2109375,4914.85986328125,1364.18994140625,3259.239990234375,7011.60009765625,4833.27001953125,11404.009765625,22020.75,19401.150390625,5480.0,8139.4501953125,12.199999809265137,10334.6435546875
2016-11-29 00:00:00,2259.530029296875,19251.779296875,4895.89990234375,1388.0699462890625,3197.5400390625,6954.2001953125,4764.06982421875,11203.6298828125,22760.98046875,18996.369140625,5504.5,8261.75,11.75,10789.5
2016-11-22 00:00:00,2191.949951171875,19121.599609375,4739.3701171875,1314.25,3015.1298828125,6730.7001953125,4528.81982421875,10513.349609375,22564.8203125,18426.080078125,5388.7001953125,8086.7998046875,14.119999885559082,10912.5078125
2016-11-15 00:00:00,2213.35009765625,19023.869140625,4870.02001953125,1347.199951171875,3048.3798828125,6840.7998046875,4550.27001953125,10699.26953125,22723.44921875,18381.220703125,5452.60009765625,8114.2998046875,12.34000015258789,11036.4072265625
2016-11-08 00:00:00,2181.89990234375,18923.060546875,4808.0400390625,1315.6400146484375,3020.830078125,6775.7998046875,4504.35009765625,10664.5595703125,22344.2109375,17967.41015625,5304.5,8074.10009765625,12.850000381469727,10888.98828125
2016-11-01 00:00:00,2164.449951171875,18332.740234375,4751.9501953125,1282.3800048828125,3030.02001953125,6730.39990234375,4489.27001953125,10667.9501953125,22531.08984375,17374.7890625,5317.39990234375,8296.2998046875,14.170000076293945,10878.017578125
2016-10-25 00:00:00,2085.179931640625,18037.099609375,4660.4599609375,1163.43994140625,2954.530029296875,6693.2998046875,4377.4599609375,10259.1298828125,22642.619140625,16905.359375,5130.0,8433.75,22.510000228881836,10702.4501953125
2016-10-18 00:00:00,2126.409912109375,18169.26953125,4805.58984375,1187.6099853515625,3079.239990234375,6996.2998046875,4548.580078125,10696.1904296875,22954.810546875,17446.41015625,5230.7001953125,8638.0,16.190000534057617,10710.919921875
2016-10-11 00:00:00,2141.159912109375,18161.939453125,4851.85986328125,1218.0999755859375,3077.64990234375,7020.5,4536.06982421875,10710.73046875,23374.400390625,17184.58984375,5375.10009765625,8693.0498046875,13.34000015258789,10748.7802734375
2016-10-04 00:00:00,2132.97998046875,18128.66015625,4808.47998046875,1212.4100341796875,3025.18994140625,7013.60009765625,4470.919921875,10580.3798828125,23233.310546875,16856.369140625,5377.0,8583.400390625,16.1200008392334,10759.5595703125
2016-09-27 00:00:00,2153.739990234375,18168.44921875,4864.52001953125,1236.56005859375,3000.570068359375,7044.39990234375,4449.91015625,10490.8603515625,23851.8203125,16860.08984375,5409.10009765625,8697.599609375,13.479999542236328,
2016-09-20 00:00:00,2168.27001953125,18228.30078125,4875.7001953125,1251.6500244140625,3002.239990234375,6899.2998046875,4448.259765625,10511.01953125,23297.150390625,16449.83984375,5377.10009765625,8611.150390625,13.289999961853027,10567.4609375
2016-09-13 00:00:00,2164.68994140625,18129.9609375,4858.91015625,1254.6199951171875,3032.31005859375,6909.39990234375,4488.68994140625,10626.9697265625,23686.48046875,16754.01953125,5372.7001953125,8831.5498046875,12.289999961853027,10609.5810546875
2016-09-06 00:00:00,2139.159912109375,18066.75,4818.0498046875,1224.780029296875,2935.25,6710.2998046875,4332.4501953125,10276.169921875,23335.58984375,16519.2890625,5237.5,8779.849609375,15.369999885559082,10454.123046875
2016-08-30 00:00:00,2127.81005859375,18538.119140625,4681.5400390625,1219.2099609375,3053.199951171875,6777.0,4491.39990234375,10573.4404296875,24099.69921875,16965.759765625,5277.39990234375,8866.7001953125,17.5,10762.669921875
2016-08-23 00:00:00,2179.97998046875,18454.30078125,4798.740234375,1251.8299560546875,3079.739990234375,6894.60009765625,4542.169921875,10683.8203125,23266.69921875,16925.6796875,5311.60009765625,8809.650390625,11.979999542236328,10640.30078125
2016-08-16 00:00:00,2169.0400390625,18547.30078125,4783.68994140625,1238.030029296875,3010.360107421875,6838.10009765625,4441.8701171875,10587.76953125,22909.5390625,16360.7099609375,5454.2001953125,8572.5498046875,13.649999618530273,10693.6298828125
2016-08-09 00:00:00,2183.8701171875,18552.01953125,4806.14013671875,1236.77001953125,2968.199951171875,6859.0,4400.52001953125,10544.3603515625,22937.220703125,16545.8203125,5466.60009765625,8666.900390625,11.34000015258789,10872.587890625
2016-08-02 00:00:00,2184.050048828125,18533.05078125,4807.080078125,1229.8199462890625,3044.93994140625,6916.0,4500.18994140625,10713.4296875,22766.91015625,16919.919921875,5470.7998046875,8592.150390625,11.550000190734863,10527.982421875
2016-07-26 00:00:00,2182.8701171875,18313.76953125,4791.2099609375,1231.300048828125,2973.7099609375,6793.5,4410.5498046875,10367.2099609375,22146.08984375,16254.4501953125,5438.39990234375,8683.150390625,11.390000343322754,10342.1640625
2016-07-19 00:00:00,2173.60009765625,18473.75,4730.22998046875,1219.93994140625,2990.760009765625,6724.39990234375,4439.81005859375,10337.5,21891.369140625,16569.26953125,5502.0,8638.5,11.869999885559082,10329.32421875
2016-07-12 00:00:00,2175.030029296875,18559.009765625,4666.06982421875,1212.8900146484375,2972.22998046875,6730.5,4381.10009765625,10147.4599609375,21964.26953125,16627.25,5440.39990234375,8541.2001953125,12.020000457763672,10708.9501953125
2016-07-05 00:00:00,2161.739990234375,18347.669921875,4589.830078125,1205.31005859375,2958.64990234375,6669.2001953125,4372.509765625,10066.900390625,21659.25,16497.849609375,5374.0,8541.400390625,12.670000076293945,10823.087890625
2016-06-28 00:00:00,2129.89990234375,17840.619140625,4528.35986328125,1177.3599853515625,2838.010009765625,6590.60009765625,4190.68017578125,9629.66015625,20564.169921875,15106.98046875,5176.5,8323.2001953125,13.199999809265137,10611.6806640625
2016-06-21 00:00:00,2102.949951171875,17409.720703125,4437.4501953125,1156.77001953125,2883.06005859375,6577.7998046875,4273.9599609375,9776.1201171875,20794.369140625,15682.48046875,5191.89990234375,8328.349609375,14.770000457763672,10458.3125
2016-06-14 00:00:00,2037.4100341796875,17829.73046875,4285.7001953125,1127.5400390625,2776.090087890625,6138.7001953125,4106.72998046875,9557.16015625,20259.130859375,14952.01953125,5056.39990234375,8088.60009765625,25.760000228881836,10147.5859375
2016-06-07 00:00:00,2071.219970703125,17674.8203125,4374.3798828125,1144.699951171875,2849.169921875,6021.10009765625,4193.830078125,9631.3603515625,20169.98046875,15599.66015625,5103.39990234375,8170.2001953125,19.40999984741211,10182.416015625
2016-05-31 00:00:00,2096.070068359375,17938.279296875,4461.0498046875,1163.9300537109375,2911.110107421875,6115.7998046875,4306.72021484375,9834.6201171875,21042.640625,16601.359375,5252.2998046875,8170.0498046875,17.030000686645508,10316.7041015625
2016-05-24 00:00:00,2099.1298828125,17787.19921875,4509.7900390625,1164.1300048828125,2997.550048828125,6209.60009765625,4421.77978515625,10103.259765625,20947.240234375,16642.23046875,5258.89990234375,8220.7998046875,13.470000267028809,10344.7939453125
2016-05-17 00:00:00,2099.06005859375,17706.05078125,4512.5400390625,1150.449951171875,3078.47998046875,6270.7998046875,4514.740234375,10286.3095703125,20576.76953125,16834.83984375,5346.0,8156.64990234375,13.119999885559082,9813.51953125
2016-05-10 00:00:00,2052.320068359375,17529.98046875,4362.89990234375,1112.280029296875,2962.159912109375,6156.2998046875,4353.89990234375,9916.01953125,19852.19921875,16736.349609375,5294.39990234375,7749.7001953125,15.199999809265137,9816.6396484375
2016-05-03 00:00:00,2046.6099853515625,17928.349609375,4326.52978515625,1102.43994140625,2956.6298828125,6138.5,4319.990234375,9952.900390625,19719.2890625,16412.2109375,5273.60009765625,7814.89990234375,15.039999961853027,9759.16015625
2016-04-26 00:00:00,2057.139892578125,17750.91015625,4330.169921875,1114.719970703125,2936.840087890625,6125.7001953125,4301.240234375,9869.9501953125,20109.869140625,16106.7197265625,5237.39990234375,7733.4501953125,14.720000267028809,10100.4267578125
2016-04-19 00:00:00,2065.300048828125,17990.3203125,4341.2998046875,1130.8499755859375,3028.2099609375,6241.89990234375,4428.9599609375,10038.9697265625,21067.05078125,16666.05078125,5197.7001953125,7849.7998046875,15.699999809265137,10141.42578125
2016-04-12 00:00:00,2091.580078125,18053.599609375,4474.18994140625,1146.68994140625,3141.1201171875,6310.39990234375,4569.66015625,10373.490234375,21467.0390625,17572.490234375,5183.2998046875,7899.2998046875,13.220000267028809,10151.6455078125
2016-04-05 00:00:00,2080.72998046875,17721.25,4543.16015625,1130.9200439453125,3054.340087890625,6343.7998046875,4495.169921875,10051.5703125,21316.470703125,16848.029296875,5104.60009765625,7850.4501953125,13.619999885559082,10733.51953125
2016-03-29 00:00:00,2047.5999755859375,17603.3203125,4474.93017578125,1097.31005859375,2911.97998046875,6204.39990234375,4303.1201171875,9622.259765625,20370.400390625,15821.51953125,4886.2001953125,7555.2001953125,15.359999656677246,10413.4228515625
2016-03-22 00:00:00,2072.780029296875,17633.109375,4532.080078125,1117.6800537109375,2953.280029296875,6146.10009765625,4322.240234375,9794.6396484375,20498.919921875,16164.16015625,4948.10009765625,7713.0498046875,13.100000381469727,10379.5341796875
2016-03-15 00:00:00,2035.93994140625,17582.5703125,4405.52978515625,1079.5400390625,2986.72998046875,6106.5,4329.68017578125,9851.349609375,20345.609375,17002.75,5033.2998046875,7716.5,14.739999771118164,10339.5634765625
2016-03-08 00:00:00,2049.580078125,17251.529296875,4410.830078125,1101.6700439453125,3059.77001953125,6189.60009765625,4462.509765625,9950.7998046875,20671.630859375,16724.810546875,5132.2998046875,7604.35009765625,14.020000457763672,10126.4765625
2016-03-01 00:00:00,2022.18994140625,16964.099609375,4361.830078125,1087.56005859375,3073.800048828125,6139.7998046875,4492.7900390625,9831.1298828125,20199.599609375,16938.869140625,5115.39990234375,7510.2001953125,16.5,9363.3046875
2016-02-23 00:00:00,1999.989990234375,16865.080078125,4329.0,1081.9300537109375,3037.35009765625,6199.39990234375,4456.6201171875,9824.169921875,20176.69921875,17014.779296875,5039.2001953125,7485.35009765625,16.860000610351562,9536.603515625
2016-02-16 00:00:00,1948.050048828125,16431.779296875,4235.6201171875,1037.1800537109375,2929.159912109375,6096.0,4314.56982421875,9513.2998046875,19364.150390625,16188.41015625,4829.60009765625,7029.75,19.809999465942383,9573.5927734375
2016-02-09 00:00:00,1917.780029296875,16196.41015625,4164.08984375,1010.010009765625,2871.050048828125,5950.2001953125,4223.0400390625,9388.0498046875,19285.5,15967.169921875,4901.7001953125,7210.75,20.530000686645508,10162.2060546875
2016-02-02 00:00:00,1864.780029296875,16014.3798828125,4019.18994140625,971.989990234375,2756.159912109375,5707.60009765625,3995.06005859375,8967.509765625,18319.580078125,14952.6103515625,4714.7998046875,6980.9501953125,25.399999618530273,
2016-01-26 00:00:00,1880.050048828125,16153.5400390625,4024.469970703125,985.6199951171875,2879.389892578125,5848.10009765625,4200.669921875,9286.23046875,19288.169921875,16819.58984375,4923.0,7489.10009765625,23.3799991607666,9673.3720703125
2016-01-19 00:00:00,1940.239990234375,16167.23046875,4279.169921875,1035.3800048828125,3045.090087890625,6083.7998046875,4417.02001953125,9798.1103515625,19683.109375,17518.30078125,4952.7001953125,7563.5498046875,20.200000762939453,9418.0947265625
2016-01-12 00:00:00,1906.9000244140625,16016.01953125,4259.77001953125,1020.6599731445312,3023.2099609375,5900.0,4336.68994140625,9764.8798828125,19080.509765625,16958.529296875,4862.39990234375,7422.4501953125,22.34000015258789,10111.45703125
2016-01-05 00:00:00,1880.3299560546875,16516.220703125,4141.080078125,1007.719970703125,2952.47998046875,5804.10009765625,4210.16015625,9545.26953125,19520.76953125,17147.109375,4840.7998046875,7437.7998046875,27.020000457763672,9997.80859375
2015-12-29 00:00:00,1922.030029296875,17158.66015625,4270.77978515625,1046.199951171875,3033.469970703125,5912.39990234375,4333.759765625,9849.33984375,20453.7109375,17697.9609375,4939.2001953125,7601.35009765625,27.010000228881836,10888.7880859375
2015-12-22 00:00:00,2043.93994140625,17720.98046875,4593.27001953125,1135.8900146484375,3267.52001953125,6242.2998046875,4637.06005859375,10743.009765625,21914.400390625,19033.7109375,5242.10009765625,7946.35009765625,18.209999084472656,12664.748046875
2015-12-15 00:00:00,2060.989990234375,17417.26953125,4622.77001953125,1154.760009765625,3284.469970703125,6254.60009765625,4663.18017578125,10727.6396484375,22138.130859375,18769.060546875,5154.2998046875,7861.0498046875,15.739999771118164,12980.4248046875
2015-12-08 00:00:00,2005.550048828125,17524.91015625,4514.830078125,1121.02001953125,3260.719970703125,6052.39990234375,4625.259765625,10608.1904296875,21755.560546875,18986.80078125,5053.2001953125,7761.9501953125,20.700000762939453,12830.10546875
2015-12-01 00:00:00,2012.3699951171875,17568.0,4537.56005859375,1123.6099853515625,3203.2099609375,5952.7998046875,4549.56005859375,10340.0595703125,21464.05078125,19230.48046875,4977.10009765625,7610.4501953125,24.389999389648438,12133.8837890625
2015-11-24 00:00:00,2091.68994140625,17888.349609375,4716.1201171875,1183.4000244140625,3330.75,6238.2998046875,4714.7900390625,10752.099609375,22235.890625,19504.48046875,5098.7001953125,7781.89990234375,14.8100004196167,12329.041015625
2015-11-17 00:00:00,2090.110107421875,17812.189453125,4680.47021484375,1202.3800048828125,3488.989990234375,6375.2001953125,4930.14013671875,11293.759765625,22068.3203125,19883.939453125,5148.7001953125,7942.7001953125,15.119999885559082,11961.56640625
2015-11-10 00:00:00,2089.169921875,17489.5,4686.35986328125,1175.1500244140625,3452.449951171875,6334.60009765625,4910.97021484375,11119.830078125,22754.720703125,19879.810546875,5202.7001953125,7856.5498046875,15.470000267028809,12701.8876953125
2015-11-03 00:00:00,2023.0400390625,17758.2109375,4502.14013671875,1146.550048828125,3360.64990234375,6118.2998046875,4807.9501953125,10708.400390625,22396.140625,19596.91015625,4999.10009765625,7762.25,20.079999923706055,12401.9013671875
2015-10-27 00:00:00,2099.199951171875,17918.150390625,4707.22998046875,1199.75,3468.2099609375,6353.7998046875,4984.14990234375,10988.0302734375,22867.330078125,19265.599609375,5162.2001953125,7954.2998046875,14.329999923706055,12273.212890625
2015-10-20 00:00:00,2079.360107421875,17581.4296875,4648.830078125,1161.8599853515625,3418.22998046875,6361.10009765625,4897.66015625,10850.1396484375,22640.0390625,19083.099609375,5186.5,8065.7998046875,15.069999694824219,11545.919921875
2015-10-13 00:00:00,2075.14990234375,17217.109375,4624.08984375,1166.06005859375,3425.81005859375,6444.10009765625,4923.64013671875,10794.5400390625,23151.939453125,18825.30078125,5300.5,8295.4501953125,14.460000038146973,11603.330078125
2015-10-06 00:00:00,2033.1099853515625,17081.890625,4438.6201171875,1162.31005859375,3264.929931640625,6378.0,4702.7900390625,10104.4296875,23067.369140625,18291.80078125,5217.5,8238.150390625,15.050000190734863,11374.7021484375
2015-09-29 00:00:00,2014.8900146484375,16790.189453125,4370.009765625,1165.3599853515625,3250.31005859375,6416.2001953125,4701.39013671875,10096.599609375,22458.80078125,18438.669921875,5230.2001953125,8189.7001953125,17.079999923706055,10540.0732421875
2015-09-22 00:00:00,1951.3599853515625,16049.1298828125,4267.4501953125,1114.1199951171875,3088.179931640625,6130.0,4458.8798828125,9553.0703125,21506.08984375,17725.130859375,5003.2998046875,7950.89990234375,20.940000534057617,9988.138671875
2015-09-15 00:00:00,1931.3399658203125,16330.4697265625,4224.740234375,1122.7900390625,3113.159912109375,6109.0,4480.66015625,9688.5302734375,21186.3203125,17880.509765625,4993.10009765625,7868.5,23.6200008392334,9904.6484375
2015-09-08 00:00:00,1958.030029296875,16599.849609375,4323.85986328125,1163.3499755859375,3157.300048828125,6104.10009765625,4535.85009765625,9916.16015625,21920.830078125,18070.2109375,5122.0,7981.89990234375,22.280000686645508,9850.6591796875
2015-09-01 00:00:00,1961.050048828125,16492.6796875,4323.22998046875,1157.7900390625,3187.93994140625,6117.7998046875,4548.72021484375,10123.5595703125,21504.369140625,18264.220703125,5023.10009765625,7789.2998046875,23.200000762939453,10463.5732421875
2015-08-25 00:00:00,1921.219970703125,16058.349609375,4184.72021484375,1136.1700439453125,3180.25,6042.89990234375,4523.080078125,10038.0400390625,20840.609375,17792.16015625,4992.60009765625,7655.0498046875,27.799999237060547,10054.6865234375
2015-08-18 00:00:00,1988.8699951171875,15666.4404296875,4329.1201171875,1162.9100341796875,3286.590087890625,6247.89990234375,4675.1298828125,10298.5302734375,21612.390625,19136.3203125,5215.10009765625,8001.9501953125,26.049999237060547,10799.87890625
2015-08-11 00:00:00,1970.8900146484375,17511.33984375,4197.27001953125,1156.7900390625,3247.260009765625,6187.7001953125,4630.990234375,10124.51953125,22409.619140625,19435.830078125,5165.2001953125,8299.9501953125,28.030000686645508,11901.916015625
2015-08-04 00:00:00,2091.5400390625,17402.83984375,4530.740234375,1212.68994140625,3491.030029296875,6550.7001953125,4956.47021484375,10985.1396484375,23991.029296875,20519.44921875,5306.7001953125,8518.5498046875,12.829999923706055,13445.7197265625
2015-07-28 00:00:00,2077.570068359375,17550.689453125,4520.080078125,1206.9000244140625,3637.800048828125,6718.5,5154.75,11490.830078125,24552.470703125,20724.560546875,5423.89990234375,8564.599609375,13.390000343322754,12752.9072265625
2015-07-21 00:00:00,2103.840087890625,17630.26953125,4588.91015625,1238.6800537109375,3600.68994140625,6696.2998046875,5082.60986328125,11308.990234375,24636.279296875,20585.240234375,5646.2998046875,8532.849609375,12.119999885559082,12374.111328125
2015-07-14 00:00:00,2079.64990234375,17919.2890625,4557.3701171875,1225.989990234375,3600.0,6579.7998046875,5057.35986328125,11347.4501953125,25128.509765625,20544.529296875,5514.5,8521.5498046875,13.739999771118164,13518.3681640625
2015-07-07 00:00:00,2126.639892578125,18053.580078125,4661.60009765625,1267.0899658203125,3670.340087890625,6775.10009765625,5124.39013671875,11673.419921875,25415.26953125,20650.919921875,5618.89990234375,8609.849609375,11.949999809265137,13004.814453125
2015-06-30 00:00:00,2076.6201171875,17776.91015625,4420.14990234375,1252.02001953125,3528.81005859375,6673.39990234375,4903.06982421875,11315.6298828125,24901.279296875,19779.830078125,5442.2001953125,8360.5498046875,16.829999923706055,12038.015625
2015-06-23 00:00:00,2076.780029296875,17619.509765625,4433.39013671875,1248.260009765625,3441.760009765625,6585.7998046875,4808.22021484375,11058.3896484375,26064.109375,20539.7890625,5489.5,8484.900390625,16.790000915527344,12245.9228515625
2015-06-16 00:00:00,2101.489990234375,18144.0703125,4484.27978515625,1279.800048828125,3621.3701171875,6753.7001953125,5059.169921875,11492.4296875,26663.869140625,20706.150390625,5497.0,8381.099609375,14.020000457763672,14398.62890625
2015-06-09 00:00:00,2109.989990234375,17904.48046875,4513.419921875,1284.6600341796875,3455.800048828125,6710.5,4815.3701171875,11040.099609375,26760.529296875,20174.240234375,5548.2001953125,8224.9501953125,13.960000038146973,15725.2939453125
2015-06-02 00:00:00,2094.110107421875,17764.0390625,4453.7900390625,1265.02001953125,3502.77001953125,6784.89990234375,4901.18994140625,11196.490234375,27280.5390625,20407.080078125,5494.2001953125,7982.89990234375,13.779999732971191,18098.068359375
2015-05-26 00:00:00,2092.830078125,18011.939453125,4477.18994140625,1261.010009765625,3510.010009765625,6804.60009765625,4920.740234375,11197.150390625,27260.16015625,20460.900390625,5446.89990234375,8114.7001953125,14.210000038146973,17648.890625
2015-05-19 00:00:00,2107.389892578125,18041.5390625,4508.25,1246.530029296875,3570.780029296875,6984.39990234375,5007.89013671875,11413.8203125,27424.189453125,20563.150390625,5724.7998046875,8433.650390625,13.84000015258789,16100.26953125
2015-05-12 00:00:00,2126.06005859375,18312.390625,4527.16015625,1252.219970703125,3679.139892578125,7031.7001953125,5142.89013671875,11815.009765625,27992.830078125,20264.41015625,5614.2998046875,8458.9501953125,12.130000114440918,16045.6201171875
2015-05-05 00:00:00,2122.72998046875,18068.23046875,4494.2900390625,1243.949951171875,3573.070068359375,6960.5,4993.81982421875,11447.0302734375,27822.279296875,19732.919921875,5686.2998046875,8262.349609375,12.380000114440918,14694.7861328125
2015-04-28 00:00:00,2116.10009765625,17928.19921875,4458.64990234375,1234.9300537109375,3649.47998046875,7046.7998046875,5090.39013671875,11709.73046875,27577.33984375,19379.189453125,5581.7998046875,8191.5,12.859999656677246,14481.087890625
2015-04-21 00:00:00,2108.2900390625,18110.140625,4479.06005859375,1228.1099853515625,3615.590087890625,6986.0,5046.490234375,11454.3798828125,28133.0,19531.630859375,5759.89990234375,8181.5,12.699999809265137,14818.4736328125
2015-04-14 00:00:00,2117.68994140625,17949.58984375,4536.77978515625,1267.5400390625,3713.9599609375,7070.7001953125,5201.4501953125,11810.849609375,28060.98046875,20020.0390625,5877.7998046875,8305.25,12.289999961853027,14598.5361328125
2015-04-07 00:00:00,2081.179931640625,18036.69921875,4351.7998046875,1251.8599853515625,3674.050048828125,6994.60009765625,5143.259765625,11688.7001953125,27653.119140625,19652.880859375,5819.5,8606.0,13.890000343322754,14149.181640625
2015-03-31 00:00:00,2102.06005859375,17875.419921875,4422.02001953125,1264.77001953125,3816.760009765625,7089.7998046875,5240.4599609375,12374.73046875,27272.390625,19907.630859375,5908.39990234375,8780.349609375,12.579999923706055,14013.18359375
2015-03-24 00:00:00,2066.9599609375,17776.119140625,4316.009765625,1255.6600341796875,3715.27001953125,6833.5,5074.14013671875,11967.3896484375,25275.640625,19435.080078125,5839.60009765625,8586.25,14.670000076293945,13494.4892578125
2015-03-17 00:00:00,2061.02001953125,18011.140625,4332.85986328125,1240.4100341796875,3679.030029296875,6855.0,5034.06005859375,11868.330078125,24486.19921875,19285.630859375,5862.39990234375,8341.400390625,15.069999694824219,12874.275390625
2015-03-10 00:00:00,2108.10009765625,17849.080078125,4458.5400390625,1266.3699951171875,3726.070068359375,7022.5,5087.490234375,12039.3701171875,24375.240234375,19560.220703125,5916.5,8570.900390625,13.020000457763672,12544.3095703125
2015-03-03 00:00:00,2053.39990234375,17662.939453125,4314.89990234375,1232.1400146484375,3656.2099609375,6740.60009765625,5010.4599609375,11901.6103515625,23823.2109375,19254.25,5758.39990234375,8647.75,16.0,11713.4794921875
2015-02-24 00:00:00,2071.260009765625,18203.369140625,4399.22998046875,1217.52001953125,3617.6201171875,6911.7998046875,4964.35009765625,11550.9697265625,24164.0,18971.0,5843.7998046875,8937.75,15.199999809265137,11392.2724609375
2015-02-17 00:00:00,2104.5,18209.189453125,4440.669921875,1233.3699951171875,3599.0,6946.7001953125,4951.47998046875,11401.66015625,24823.2890625,18797.939453125,5875.5,8844.599609375,13.34000015258789,11757.5478515625
2015-02-10 00:00:00,2110.300048828125,18047.580078125,4443.0498046875,1231.7900390625,3490.530029296875,6915.2001953125,4830.89990234375,11050.6396484375,24832.080078125,18332.30078125,5827.7001953125,8833.599609375,14.300000190734863,11718.4287109375
2015-02-03 00:00:00,2096.989990234375,17868.759765625,4384.02978515625,1223.1300048828125,3447.590087890625,6873.5,4759.35986328125,10963.400390625,24682.5390625,17913.359375,5822.5,8805.5,14.6899995803833,11442.921875
2015-01-27 00:00:00,2055.469970703125,17666.400390625,4228.68017578125,1205.4599609375,3398.159912109375,6853.39990234375,4691.02978515625,10846.3896484375,24679.390625,17648.5,5766.2998046875,8661.0498046875,17.290000915527344,10790.9794921875
2015-01-20 00:00:00,1994.989990234375,17387.2109375,4148.43017578125,1165.3900146484375,3351.43994140625,6749.39990234375,4604.25,10694.3203125,24507.05078125,17674.390625,5535.7998046875,8808.900390625,20.969999313354492,11150.5654296875
2015-01-13 00:00:00,2051.820068359375,17515.23046875,4278.14013671875,1188.9300537109375,3382.550048828125,6832.7998046875,4640.68994140625,10649.580078125,24850.44921875,17511.75,5451.0,8835.599609375,16.65999984741211,11436.162109375
2015-01-06 00:00:00,2019.4200439453125,17613.6796875,4142.14013671875,1176.6500244140625,3202.239990234375,6550.2998046875,4379.6201171875,10167.76953125,24103.51953125,16864.16015625,5251.89990234375,8513.7998046875,20.950000762939453,11532.6708984375
2014-12-30 00:00:00,2044.81005859375,17371.640625,4213.27978515625,1185.6800537109375,3042.89990234375,6501.10009765625,4179.06982421875,9648.5,23919.94921875,17197.73046875,5417.5,8284.5,17.549999237060547,11324.6328125
2014-12-23 00:00:00,2058.199951171875,17983.0703125,4230.240234375,1198.800048828125,3139.43994140625,6547.7998046875,4252.2900390625,9764.73046875,23721.30078125,17450.76953125,5388.39990234375,8395.4501953125,17.790000915527344,11014.4970703125
2014-12-16 00:00:00,2088.77001953125,18024.169921875,4314.08984375,1215.2099609375,3184.659912109375,6609.89990234375,4295.85009765625,9922.1103515625,23349.33984375,17818.9609375,5346.10009765625,8200.7001953125,14.5,10802.5185546875
2014-12-09 00:00:00,2070.64990234375,17068.869140625,4281.77978515625,1195.9599609375,3141.280029296875,6545.2998046875,4241.64990234375,9786.9599609375,23116.630859375,17621.400390625,5291.2001953125,8225.2001953125,16.489999771118164,10626.9912109375
2014-12-02 00:00:00,2002.3299560546875,17801.19921875,4199.27978515625,1152.43994140625,3067.320068359375,6300.60009765625,4108.93017578125,9594.73046875,23249.19921875,17371.580078125,5172.7001953125,8224.099609375,21.079999923706055,10462.1923828125
2014-11-25 00:00:00,2075.3701171875,17879.55078125,4311.56982421875,1182.4300537109375,3277.3798828125,6742.7998046875,4419.47998046875,10087.1201171875,24002.640625,17920.44921875,5288.0,8538.2998046875,11.890000343322754,10067.1669921875
2014-11-18 00:00:00,2067.56005859375,17814.939453125,4337.7900390625,1173.22998046875,3250.929931640625,6722.60009765625,4390.18017578125,9980.849609375,23987.44921875,17459.849609375,5266.7998046875,8588.25,13.329999923706055,9002.1298828125
2014-11-11 00:00:00,2063.5,17687.8203125,4251.31982421875,1172.4200439453125,3194.219970703125,6750.7998046875,4347.22998046875,9732.5498046875,23437.119140625,17357.509765625,5259.89990234375,8477.349609375,12.899999618530273,8332.2060546875
2014-11-04 00:00:00,2039.8199462890625,17614.900390625,4224.990234375,1173.81005859375,3059.989990234375,6654.39990234375,4202.4599609375,9252.9404296875,24087.380859375,17490.830078125,5409.7998046875,8389.900390625,13.3100004196167,8326.806640625
2014-10-28 00:00:00,2031.9200439453125,17383.83984375,4160.5,1173.3199462890625,3064.919921875,6567.2001953125,4189.89013671875,9291.830078125,23550.240234375,16880.380859375,5504.7001953125,8337.0,13.119999885559082,8234.7783203125
2014-10-21 00:00:00,2018.050048828125,17005.75,4158.2099609375,1173.510009765625,3113.320068359375,6546.5,4233.08984375,9326.8701171875,23998.060546875,16413.759765625,5483.7001953125,8322.2001953125,14.029999732971191,8225.5185546875
2014-10-14 00:00:00,1964.5799560546875,16614.810546875,4042.02001953125,1118.8199462890625,3030.3701171875,6388.7001953125,4128.89990234375,8987.7998046875,23302.19921875,15291.6396484375,5370.2001953125,8014.5498046875,16.110000610351562,7921.041015625
2014-10-07 00:00:00,1886.760009765625,16315.1904296875,3815.469970703125,1082.3299560546875,2962.239990234375,6310.2998046875,4033.179931640625,8850.26953125,23023.2109375,14532.509765625,5232.60009765625,7779.7001953125,21.989999771118164,8151.4287109375
2014-09-30 00:00:00,1906.1300048828125,16719.390625,3870.860107421875,1053.3199462890625,2991.5,6340.0,4073.7099609375,8788.8095703125,23088.5390625,15300.5498046875,5148.2001953125,7859.9501953125,21.239999771118164,8211.4482421875
2014-09-23 00:00:00,1967.9000244140625,17042.900390625,4027.31005859375,1104.739990234375,3133.3701171875,6527.89990234375,4281.740234375,9195.6796875,23064.560546875,15708.650390625,5277.89990234375,7945.5498046875,14.550000190734863,8080.259765625
2014-09-16 00:00:00,1982.8499755859375,17055.869140625,4053.719970703125,1119.3299560546875,3219.580078125,6649.39990234375,4394.75,9490.5498046875,23678.41015625,16229.8603515625,5272.89990234375,7968.85009765625,14.850000381469727,8072.78955078125
2014-09-09 00:00:00,2010.4000244140625,17131.970703125,4100.08984375,1146.9200439453125,3273.25,6837.89990234375,4461.22021484375,9799.259765625,24306.16015625,16321.169921875,5391.7998046875,8121.4501953125,12.109999656677246,8047.15966796875
2014-09-02 00:00:00,1985.5400390625,17013.869140625,4069.22998046875,1160.6099853515625,3235.070068359375,6807.0,4441.7001953125,9651.1298828125,24595.3203125,15948.2900390625,5489.7001953125,8105.5,13.3100004196167,8146.89892578125
2014-08-26 00:00:00,2007.7099609375,17067.560546875,4089.919921875,1170.1300048828125,3275.25,6855.10009765625,4486.490234375,9747.01953125,25240.150390625,15668.6796875,5557.60009765625,8086.85009765625,12.09000015258789,8214.4384765625
2014-08-19 00:00:00,2003.3699951171875,17106.69921875,4082.56005859375,1174.3499755859375,3172.6298828125,6819.7998046875,4381.0400390625,9470.169921875,24742.060546875,15424.58984375,5584.60009765625,7954.35009765625,12.09000015258789,7841.6123046875
2014-08-12 00:00:00,1988.4000244140625,16919.58984375,4052.75,1160.3399658203125,3098.5,6775.2998046875,4252.7998046875,9339.169921875,25112.23046875,15539.1904296875,5604.7998046875,7913.2001953125,11.470000267028809,8059.3095703125
2014-08-05 00:00:00,1955.06005859375,16560.5390625,3987.510009765625,1141.6500244140625,3033.52001953125,6689.10009765625,4174.35986328125,9092.599609375,24954.939453125,15318.33984375,5526.2998046875,7791.7001953125,13.149999618530273,7981.98046875
2014-07-29 00:00:00,1931.5899658203125,16429.470703125,3888.090087890625,1131.3499755859375,3006.830078125,6567.39990234375,4147.81005859375,9009.3203125,24331.41015625,14778.3701171875,5395.7998046875,7568.5498046875,15.770000457763672,7885.24169921875
2014-07-22 00:00:00,1925.1500244140625,16912.109375,3879.669921875,1114.8599853515625,3072.570068359375,6679.2001953125,4202.77978515625,9210.080078125,24532.4296875,15523.1103515625,5515.5,7602.60009765625,17.030000686645508,7880.89208984375
2014-07-15 00:00:00,1978.3399658203125,17113.5390625,3965.169921875,1144.719970703125,3174.989990234375,6791.60009765625,4330.5498046875,9644.009765625,24216.009765625,15457.8701171875,5541.2001953125,7790.4501953125,12.6899995803833,7578.03515625
2014-07-08 00:00:00,1978.219970703125,17060.6796875,3939.889892578125,1151.6099853515625,3164.2099609375,6749.5,4335.31005859375,9720.01953125,23454.7890625,15215.7099609375,5490.39990234375,7663.89990234375,12.0600004196167,7259.369140625
2014-07-01 00:00:00,1967.5699462890625,16906.619140625,3904.580078125,1159.9300537109375,3157.050048828125,6690.2001953125,4316.5,9666.33984375,23233.44921875,15164.0400390625,5445.2001953125,7459.60009765625,12.079999923706055,7206.8896484375
2014-06-24 00:00:00,1985.43994140625,16956.0703125,3923.010009765625,1208.1500244140625,3270.469970703125,6866.10009765625,4468.97998046875,10009.080078125,23546.359375,15437.1298828125,5482.2998046875,7751.60009765625,10.319999694824219,7333.828125
2014-06-17 00:00:00,1960.9599609375,16818.130859375,3844.43994140625,1189.5,3227.85009765625,6757.7998046875,4436.990234375,9815.169921875,23221.51953125,15095.0,5403.2001953125,7508.7998046875,11.260000228881836,7312.5380859375
2014-06-10 00:00:00,1962.8699951171875,16808.490234375,3802.639892578125,1188.4300537109375,3302.360107421875,6825.2001953125,4541.33984375,9987.240234375,23194.060546875,15349.419921875,5377.2001953125,7511.4501953125,10.850000381469727,7195.609375
2014-06-03 00:00:00,1936.1600341796875,16945.919921875,3775.56005859375,1162.6800537109375,3282.840087890625,6777.89990234375,4543.27978515625,9912.8701171875,23319.169921875,15097.83984375,5361.89990234375,7542.10009765625,12.180000305175781,7401.26708984375
2014-05-27 00:00:00,1949.43994140625,16722.33984375,3794.570068359375,1165.2099609375,3294.280029296875,6858.2001953125,4581.1201171875,9987.1904296875,22951.0,15077.240234375,5421.2998046875,7583.39990234375,10.729999542236328,7235.30908203125
2014-05-20 00:00:00,1923.5699462890625,16675.5,3736.820068359375,1134.5,3244.60009765625,6844.5,4519.56982421875,9943.26953125,23081.650390625,14632.3798828125,5450.39990234375,7229.9501953125,11.399999618530273,7364.74755859375
2014-05-13 00:00:00,1900.530029296875,16374.3095703125,3677.330078125,1126.18994140625,3203.280029296875,6815.7998046875,4493.14990234375,9768.009765625,22965.859375,14462.169921875,5450.39990234375,7367.10009765625,11.359999656677246,7240.8388671875
2014-05-06 00:00:00,1877.8599853515625,16715.439453125,3587.199951171875,1102.9100341796875,3172.719970703125,6855.7998046875,4456.27978515625,9629.099609375,22712.91015625,14096.58984375,5437.2001953125,7203.0,12.4399995803833,7242.0888671875
2014-04-29 00:00:00,1878.47998046875,16401.01953125,3555.699951171875,1107.219970703125,3184.090087890625,6814.60009765625,4477.27978515625,9581.4501953125,21862.990234375,14199.58984375,5418.2001953125,6858.7998046875,12.920000076293945,7162.359375
2014-04-22 00:00:00,1881.1400146484375,16535.369140625,3587.639892578125,1128.800048828125,3177.889892578125,6822.39990234375,4458.169921875,9556.01953125,22260.669921875,14457.509765625,5414.0,6694.7998046875,12.90999984741211,7312.77783203125
2014-04-15 00:00:00,1863.4000244140625,16514.369140625,3533.10009765625,1123.030029296875,3147.39990234375,6685.7001953125,4443.6298828125,9401.5498046875,22223.529296875,14429.259765625,5487.7998046875,6782.75,14.0600004196167,7323.56787109375
2014-04-08 00:00:00,1864.8499755859375,16262.5595703125,3534.530029296875,1137.9000244140625,3155.81005859375,6625.2998046875,4431.81005859375,9409.7099609375,22760.240234375,14516.26953125,5413.2001953125,6779.39990234375,13.359999656677246,7455.65673828125
2014-04-01 00:00:00,1815.68994140625,16256.1396484375,3446.85009765625,1111.43994140625,3116.5400390625,6561.7001953125,4365.85986328125,9315.2900390625,23003.640625,13960.0498046875,5387.2998046875,6776.2998046875,17.030000686645508,7586.7451171875
2014-03-25 00:00:00,1865.0899658203125,16532.609375,3539.3798828125,1153.3800048828125,3230.330078125,6695.60009765625,4484.5498046875,9695.76953125,22510.080078125,15063.76953125,5378.7001953125,6694.35009765625,13.960000038146973,7367.71728515625
2014-03-18 00:00:00,1857.6199951171875,16367.8798828125,3571.489990234375,1151.81005859375,3172.429931640625,6615.60009765625,4411.259765625,9587.1904296875,22065.529296875,14696.0302734375,5324.7998046875,6695.89990234375,14.40999984741211,7165.4892578125
2014-03-11 00:00:00,1866.52001953125,16336.1904296875,3653.070068359375,1193.72998046875,3096.489990234375,6557.2001953125,4335.27978515625,9342.9404296875,21436.69921875,14224.23046875,5293.89990234375,6493.2001953125,15.0,7241.48876953125
2014-03-04 00:00:00,1841.1300048828125,16351.25,3627.8701171875,1181.4100341796875,3004.639892578125,6527.89990234375,4216.3701171875,9056.41015625,21539.490234375,14327.66015625,5286.39990234375,6504.2001953125,17.81999969482422,7238.97900390625
2014-02-25 00:00:00,1878.0400390625,16395.880859375,3703.39990234375,1203.3199462890625,3095.31005859375,6712.7001953125,4366.419921875,9350.75,22660.490234375,15274.0703125,5416.89990234375,6526.64990234375,14.109999656677246,7328.39794921875
2014-02-18 00:00:00,1859.449951171875,16179.66015625,3696.10009765625,1183.030029296875,3149.22998046875,6809.7001953125,4408.080078125,9692.080078125,22836.9609375,14841.0703125,5360.5,6276.9501953125,14.0,7365.84765625
2014-02-11 00:00:00,1836.25,16130.400390625,3662.60009765625,1164.6300048828125,3131.669921875,6838.10009765625,4381.06005859375,9656.9501953125,22568.240234375,14865.669921875,5395.7998046875,6155.4501953125,14.680000305175781,7750.4736328125
2014-02-04 00:00:00,1838.6300048828125,15994.76953125,3663.8798828125,1149.2099609375,3119.06005859375,6663.60009765625,4340.14013671875,9662.400390625,22298.41015625,14313.0302734375,5313.89990234375,6048.35009765625,13.569999694824219,7883.66162109375
2014-01-28 00:00:00,1797.02001953125,15445.240234375,3561.909912109375,1116.550048828125,3038.489990234375,6571.7001953125,4228.18017578125,9301.919921875,21636.849609375,14462.41015625,5124.89990234375,6063.2001953125,15.289999961853027,7616.48486328125
2014-01-21 00:00:00,1782.5899658203125,15928.5595703125,3521.919921875,1130.8800048828125,3013.9599609375,6510.39990234375,4165.72021484375,9306.48046875,22035.419921875,14914.5302734375,5146.7001953125,6089.5,18.40999984741211,7572.544921875
2014-01-14 00:00:00,1790.2900390625,16414.439453125,3541.47998046875,1144.1300048828125,3028.199951171875,6663.7001953125,4161.47021484375,9392.01953125,22450.060546875,15391.5595703125,5197.5,6266.75,18.139999389648438,7855.05224609375
2014-01-07 00:00:00,1838.699951171875,16373.8603515625,3591.25,1168.4300537109375,3154.10009765625,6829.2998046875,4327.5,9742.9599609375,23133.349609375,15734.4599609375,5261.89990234375,6261.64990234375,12.4399995803833,7544.4853515625
2013-12-31 00:00:00,1842.3699951171875,16530.939453125,3565.080078125,1164.530029296875,3104.14990234375,6739.89990234375,4250.60009765625,9473.240234375,22846.25,15912.0595703125,5267.10009765625,6171.4501953125,12.140000343322754,7647.9541015625
2013-12-24 00:00:00,1831.3699951171875,16576.66015625,3538.72998046875,1156.0899658203125,3074.429931640625,6730.7001953125,4247.64990234375,9435.150390625,22817.279296875,16291.3095703125,5302.89990234375,6211.14990234375,13.760000228881836,8028.23974609375
2013-12-17 00:00:00,1841.4000244140625,16357.5498046875,3574.02001953125,1161.0899658203125,3111.3701171875,6750.89990234375,4277.64990234375,9589.3896484375,23243.240234375,16178.9404296875,5276.60009765625,6313.7998046875,12.460000038146973,8048.759765625
2013-12-10 00:00:00,1818.3199462890625,15875.259765625,3531.18994140625,1146.469970703125,3049.35009765625,6606.60009765625,4193.77001953125,9400.1796875,22812.1796875,15870.419921875,5218.7998046875,6274.25,13.789999961853027,7966.630859375
2013-12-03 00:00:00,1775.3199462890625,15973.1298828125,3456.39990234375,1107.050048828125,2921.919921875,6440.0,4059.7099609375,9006.4599609375,23245.9609375,15403.1103515625,5054.60009765625,6168.39990234375,15.760000228881836,8429.7255859375
2013-11-26 00:00:00,1805.0899658203125,15914.6201171875,3504.260009765625,1131.3800048828125,2979.93994140625,6552.0,4129.3701171875,9172.41015625,23743.099609375,15299.8603515625,5142.5,6259.89990234375,13.789999961853027,8526.5849609375
2013-11-19 00:00:00,1805.81005859375,16072.7998046875,3487.820068359375,1142.8900146484375,3086.639892578125,6650.60009765625,4295.2099609375,9405.2998046875,23881.2890625,15661.8701171875,5276.39990234375,6176.10009765625,13.699999809265137,8542.5146484375
2013-11-12 00:00:00,1804.760009765625,15967.0302734375,3422.02001953125,1124.9200439453125,3055.97998046875,6674.2998046875,4278.52978515625,9219.0400390625,23696.279296875,15381.7197265625,5292.7001953125,5995.4501953125,12.260000228881836,8413.2451171875
2013-11-05 00:00:00,1798.1800537109375,15750.669921875,3422.580078125,1116.199951171875,3054.530029296875,6693.39990234375,4292.22998046875,9168.6904296875,23032.150390625,15165.919921875,5357.89990234375,6056.14990234375,12.1899995803833,8305.8173828125
2013-10-29 00:00:00,1770.6099853515625,15618.2197265625,3366.840087890625,1099.969970703125,3034.909912109375,6708.39990234375,4260.43994140625,9078.2802734375,22744.390625,14086.7998046875,5359.10009765625,6140.75,12.899999618530273,8155.30859375
2013-10-22 00:00:00,1761.6400146484375,15680.349609375,3379.760009765625,1095.6700439453125,3052.139892578125,6734.7001953125,4273.18994140625,9007.830078125,23249.7890625,14201.5703125,5368.2001953125,6307.2001953125,13.279999732971191,8451.625
2013-10-15 00:00:00,1759.77001953125,15467.66015625,3383.830078125,1118.3399658203125,3034.5,6721.2998046875,4272.31005859375,8985.740234375,22698.33984375,14088.1904296875,5344.2001953125,6144.89990234375,13.09000015258789,8379.5166015625
2013-10-08 00:00:00,1744.5,15168.009765625,3353.8798828125,1114.77001953125,3033.31005859375,6622.60009765625,4286.02978515625,8865.099609375,23340.099609375,14561.5400390625,5277.89990234375,6189.35009765625,13.039999961853027,8584.7734375
2013-10-01 00:00:00,1703.199951171875,14776.5302734375,3233.830078125,1084.31005859375,2974.280029296875,6487.2001953125,4219.97998046875,8724.830078125,23218.3203125,14404.740234375,5187.60009765625,6096.2001953125,15.720000267028809,8737.8720703125
2013-09-24 00:00:00,1690.5,15191.7001953125,3242.570068359375,1078.25,2928.31005859375,6453.89990234375,4164.25,8622.9697265625,23138.5390625,14024.3095703125,5164.7998046875,5907.2998046875,16.739999771118164,8514.4755859375
2013-09-17 00:00:00,1691.75,15334.58984375,3230.300048828125,1074.18994140625,2919.340087890625,6512.7001953125,4186.77001953125,8661.509765625,23207.0390625,14760.0703125,5263.2998046875,5833.2001953125,15.460000038146973,8472.1953125
2013-09-10 00:00:00,1709.9100341796875,15529.73046875,3224.72998046875,1072.8299560546875,2927.18994140625,6596.39990234375,4203.66015625,8675.73046875,23502.509765625,14742.419921875,5233.5,6012.10009765625,13.119999885559082,8480.6455078125
2013-09-03 00:00:00,1687.989990234375,15191.0595703125,3178.280029296875,1053.97998046875,2867.110107421875,6583.7998046875,4114.5,8509.419921875,22915.279296875,14404.669921875,5177.0,5850.60009765625,14.15999984741211,8687.4423828125
2013-08-27 00:00:00,1655.1700439453125,14833.9599609375,3133.3798828125,1029.550048828125,2803.419921875,6547.2998046875,4049.18994140625,8275.669921875,22621.220703125,13860.8095703125,5103.2998046875,5680.39990234375,15.850000381469727,8280.2373046875
2013-08-20 00:00:00,1632.969970703125,14776.1298828125,3073.81005859375,1010.9000244140625,2721.3701171875,6412.89990234375,3933.780029296875,8103.14990234375,21731.369140625,13388.8603515625,5092.7998046875,5471.7998046875,17.010000228881836,8202.388671875
2013-08-13 00:00:00,1663.5,15002.990234375,3124.27001953125,1038.239990234375,2826.050048828125,6492.10009765625,4069.469970703125,8416.990234375,21863.509765625,13660.5498046875,5079.89990234375,5471.75,13.979999542236328,8166.18798828125
2013-08-06 00:00:00,1655.8299560546875,15451.009765625,3073.909912109375,1024.300048828125,2854.27001953125,6500.0,4123.89013671875,8391.9404296875,22517.810546875,13650.1103515625,5072.2001953125,5507.85009765625,14.369999885559082,8167.998046875
2013-07-30 00:00:00,1691.4200439453125,15518.740234375,3118.570068359375,1048.4000244140625,2825.6201171875,6583.39990234375,4076.550048828125,8338.3095703125,21807.560546875,13615.1904296875,5011.2001953125,5565.64990234375,13.40999984741211,8145.87890625
2013-07-23 00:00:00,1709.6700439453125,15520.58984375,3143.52001953125,1059.8599853515625,2811.0,6647.89990234375,4045.64990234375,8406.9404296875,22190.970703125,14466.16015625,5074.89990234375,5677.89990234375,11.979999542236328,7961.380859375
2013-07-16 00:00:00,1691.6500244140625,15567.740234375,3076.22998046875,1048.510009765625,2741.9599609375,6554.7998046875,3968.840087890625,8244.91015625,21968.94921875,14129.98046875,5003.5,5886.2001953125,12.720000267028809,7843.27197265625
2013-07-09 00:00:00,1692.0899658203125,15451.849609375,3044.929931640625,1050.47998046875,2716.169921875,6630.7001953125,3925.320068359375,8331.5703125,21362.419921875,14589.91015625,4934.0,6029.2001953125,12.539999961853027,7663.904296875
2013-07-02 00:00:00,1680.18994140625,15300.33984375,3079.070068359375,1036.52001953125,2674.8701171875,6544.89990234375,3855.090087890625,8212.76953125,21277.279296875,14506.25,4935.89990234375,6009.0,13.84000015258789,8012.75
2013-06-25 00:00:00,1631.8900146484375,14932.41015625,2963.219970703125,1005.3900146484375,2596.010009765625,6375.5,3753.85009765625,7806.0,20854.669921875,14309.9697265625,4803.10009765625,5867.89990234375,14.890000343322754,7856.501953125
2013-06-18 00:00:00,1606.280029296875,14760.3095703125,2909.60009765625,977.47998046875,2602.590087890625,6215.5,3738.909912109375,7959.22021484375,20803.2890625,13677.3203125,4765.5,5842.2001953125,16.860000610351562,7694.3837890625
2013-06-11 00:00:00,1592.4300537109375,15318.23046875,2877.93994140625,963.6799926757812,2549.47998046875,6116.2001953125,3658.0400390625,7789.240234375,20263.310546875,13230.1298828125,4702.2998046875,5667.64990234375,18.899999618530273,8135.95849609375
2013-06-04 00:00:00,1626.72998046875,15122.01953125,2943.860107421875,981.3800048828125,2667.320068359375,6308.2998046875,3805.159912109375,8127.9599609375,20969.140625,12686.51953125,4759.10009765625,5808.39990234375,17.149999618530273,8479.365234375
2013-05-28 00:00:00,1643.3800048828125,15177.5400390625,2990.8701171875,987.6199951171875,2724.080078125,6412.0,3872.590087890625,8254.6796875,21575.259765625,12877.5302734375,4704.39990234375,5881.0,15.140000343322754,8763.5126953125
2013-05-21 00:00:00,1630.739990234375,15409.3896484375,2981.760009765625,984.1500244140625,2769.639892578125,6583.10009765625,3948.590087890625,8348.83984375,22392.16015625,13774.5400390625,4891.89990234375,5985.9501953125,16.299999237060547,9257.8466796875
2013-05-14 00:00:00,1649.5999755859375,15387.580078125,2991.02001953125,984.280029296875,2764.2900390625,6654.2998046875,3956.7900390625,8305.3203125,22618.669921875,14612.4501953125,4949.2001953125,5983.5498046875,13.989999771118164,9304.7568359375
2013-05-07 00:00:00,1667.469970703125,15215.25,3028.9599609375,996.280029296875,2817.989990234375,6723.10009765625,4001.27001953125,8398.0,23082.6796875,15138.1201171875,5147.2001953125,6187.2998046875,12.449999809265137,9246.1767578125
2013-04-30 00:00:00,1633.699951171875,15056.2001953125,2981.02001953125,975.1599731445312,2785.239990234375,6625.0,3953.830078125,8278.58984375,23321.220703125,14607.5400390625,5174.60009765625,6094.75,12.59000015258789,9071.0576171875
2013-04-23 00:00:00,1614.4200439453125,14839.7998046875,2944.590087890625,954.4199829101562,2763.679931640625,6521.5,3912.949951171875,8122.2900390625,22689.9609375,13694.0400390625,5101.0,5944.0,12.850000381469727,8847.5703125
2013-04-16 00:00:00,1582.239990234375,14719.4599609375,2840.550048828125,935.25,2683.429931640625,6426.39990234375,3810.050048828125,7814.759765625,22547.7109375,13884.1298828125,5070.7001953125,5871.4501953125,13.609999656677246,8691.2919921875
2013-04-09 00:00:00,1555.25,14756.7802734375,2780.4599609375,912.5,2575.159912109375,6286.60009765625,3651.9599609375,7459.9599609375,22013.5703125,13316.48046875,4906.2998046875,5783.10009765625,14.970000267028809,9111.087890625
2013-04-02 00:00:00,1588.8499755859375,14673.4599609375,2856.47998046875,942.8499755859375,2633.469970703125,6384.39990234375,3729.300048828125,7744.77001953125,22089.05078125,13485.1396484375,4988.10009765625,5528.5498046875,12.0600004196167,8835.05078125
2013-03-26 00:00:00,1553.280029296875,14662.009765625,2771.75,923.280029296875,2585.280029296875,6249.7998046875,3663.47998046875,7658.75,21726.900390625,12833.6396484375,4866.7998046875,5553.25,13.920000076293945,8964.369140625
2013-03-19 00:00:00,1569.18994140625,14559.650390625,2818.68994140625,951.5399780273438,2624.02001953125,6411.7001953125,3731.419921875,7795.31005859375,22299.630859375,12397.91015625,4943.60009765625,5682.5498046875,12.699999809265137,8889.669921875
2013-03-12 00:00:00,1556.8900146484375,14455.8203125,2800.81005859375,946.27001953125,2681.669921875,6392.7998046875,3770.2900390625,7911.35009765625,22115.30078125,12338.5302734375,4944.89990234375,5651.35009765625,13.569999694824219,9343.3046875
2013-03-05 00:00:00,1560.699951171875,14450.0595703125,2799.409912109375,952.47998046875,2725.719970703125,6489.7001953125,3844.030029296875,8042.85009765625,22533.109375,12560.9501953125,5098.7998046875,5872.60009765625,11.300000190734863,9099.1875
2013-02-26 00:00:00,1551.1800537109375,14253.76953125,2804.110107421875,942.5,2728.780029296875,6483.60009765625,3840.14990234375,7986.47021484375,23091.94921875,12283.6201171875,5102.10009765625,5945.7001953125,12.59000015258789,9285.7265625
2013-02-19 00:00:00,1518.199951171875,13900.1298828125,2747.75,914.72998046875,2616.75,6378.60009765625,3699.909912109375,7708.16015625,22880.220703125,11606.3798828125,5065.5,5719.7001953125,15.359999656677246,9650.03125
2013-02-12 00:00:00,1515.5999755859375,14035.669921875,2737.280029296875,916.1500244140625,2630.050048828125,6335.7001953125,3706.280029296875,7661.91015625,22782.439453125,11385.9404296875,4998.2998046875,5850.2998046875,14.170000076293945,9364.4345703125
2013-02-05 00:00:00,1519.7900390625,14018.7001953125,2764.669921875,923.1500244140625,2615.260009765625,6328.2998046875,3660.3701171875,7593.509765625,23444.560546875,11173.830078125,5014.2001953125,5887.39990234375,12.460000038146973,
2013-01-29 00:00:00,1517.9300537109375,13979.2998046875,2775.56005859375,913.6699829101562,2630.300048828125,6263.89990234375,3649.5,7652.14013671875,23215.16015625,11153.16015625,4950.5,5903.5,13.020000457763672,9988.978515625
2013-01-22 00:00:00,1513.1700439453125,13954.419921875,2763.9599609375,911.2000122070312,2710.080078125,6347.2001953125,3773.530029296875,7833.39013671875,23721.83984375,11191.33984375,4899.7998046875,5998.89990234375,12.899999618530273,9820.1796875
2013-01-15 00:00:00,1502.9599609375,13712.2099609375,2736.72998046875,905.239990234375,2744.179931640625,6284.5,3778.159912109375,7857.97021484375,23580.4296875,10926.650390625,4813.60009765625,6074.64990234375,12.890000343322754,9357.0244140625
2013-01-08 00:00:00,1485.97998046875,13534.8896484375,2743.239990234375,892.7999877929688,2709.590087890625,6154.39990234375,3741.580078125,7702.22998046875,23601.779296875,10913.2998046875,4750.2998046875,6064.39990234375,12.460000038146973,9432.1943359375
2013-01-01 00:00:00,1472.050048828125,13328.849609375,2748.260009765625,880.77001953125,2717.7900390625,6121.60009765625,3706.02001953125,7715.52978515625,23264.0703125,10801.5703125,4689.89990234375,5951.2998046875,13.359999656677246,9017.6298828125
2012-12-25 00:00:00,1466.469970703125,13104.1396484375,2724.489990234375,879.1500244140625,2709.35009765625,6089.7998046875,3730.02001953125,7776.3701171875,23331.08984375,10688.1103515625,4705.2998046875,6016.14990234375,13.829999923706055,9095.9677734375
2012-12-18 00:00:00,1402.4300537109375,13138.9296875,2606.360107421875,832.0999755859375,2626.85009765625,5925.39990234375,3620.25,7612.39013671875,22666.58984375,10395.1796875,4653.60009765625,5908.35009765625,22.719999313354492,9026.8896484375
2012-12-11 00:00:00,1430.1500244140625,13350.9599609375,2664.669921875,847.9199829101562,2651.090087890625,5940.0,3661.39990234375,7636.22998046875,22506.2890625,9940.0595703125,4605.7001953125,5847.7001953125,17.84000015258789,8658.2529296875
2012-12-04 00:00:00,1413.5799560546875,13248.4404296875,2628.090087890625,823.75,2630.5400390625,5921.7998046875,3643.280029296875,7596.47021484375,22605.98046875,9737.5595703125,4565.89990234375,5879.60009765625,17.0,8530.8046875
2012-11-27 00:00:00,1418.0699462890625,12951.7802734375,2640.5400390625,822.27001953125,2601.3701171875,5914.39990234375,3605.610107421875,7517.7998046875,22191.169921875,9527.3896484375,4534.2001953125,5907.39990234375,15.899999618530273,8189.58837890625
2012-11-20 00:00:00,1416.1800537109375,12878.1298828125,2677.8798828125,821.9199829101562,2575.25,5866.7998046875,3557.280029296875,7405.5,22030.390625,9446.009765625,4488.0,5879.85009765625,15.869999885559082,7903.1611328125
2012-11-13 00:00:00,1409.1500244140625,12788.509765625,2639.590087890625,807.1799926757812,2557.030029296875,5819.10009765625,3528.800048828125,7309.1298828125,21913.98046875,9366.7998046875,4395.60009765625,5626.60009765625,15.140000343322754,8114.6494140625
2012-11-06 00:00:00,1359.8800048828125,12756.1796875,2534.159912109375,776.280029296875,2427.320068359375,5605.60009765625,3341.52001953125,6950.52978515625,21159.009765625,9024.16015625,4320.60009765625,5574.0498046875,16.40999984741211,8118.05908203125
2012-10-30 00:00:00,1379.8499755859375,13245.6796875,2584.10009765625,795.02001953125,2479.820068359375,5769.7001953125,3423.570068359375,7163.5,21384.380859375,8757.599609375,4444.7001953125,5686.25,18.610000610351562,8356.576171875
2012-10-23 00:00:00,1414.199951171875,13107.2099609375,2656.280029296875,814.3699951171875,2547.14990234375,5868.60009765625,3492.4599609375,7363.85009765625,22111.330078125,9051.2197265625,4443.2001953125,5697.7001953125,17.59000015258789,8679.5927734375
2012-10-16 00:00:00,1411.93994140625,13102.5302734375,2665.830078125,813.25,2496.10009765625,5806.7001953125,3435.090087890625,7231.85009765625,21545.5703125,8933.0595703125,4454.7998046875,5664.2998046875,17.809999465942383,8414.7548828125
2012-10-09 00:00:00,1433.18994140625,13551.7802734375,2678.320068359375,821.0,2542.239990234375,5896.2001953125,3504.56005859375,7380.64013671875,21551.759765625,9002.6796875,4552.10009765625,5684.25,17.059999465942383,8796.3212890625
2012-10-02 00:00:00,1428.5899658203125,13473.5302734375,2720.139892578125,823.0900268554688,2469.090087890625,5793.2998046875,3389.080078125,7232.490234375,21136.4296875,8534.1201171875,4468.2998046875,5676.0498046875,16.139999389648438,8650.09375
2012-09-25 00:00:00,1460.9300537109375,13482.3603515625,2811.93994140625,842.8599853515625,2531.2099609375,5871.0,3457.0400390625,7397.8701171875,21012.380859375,8863.2998046875,4474.7001953125,5746.9501953125,14.329999923706055,
2012-09-18 00:00:00,1440.6700439453125,13457.5498046875,2799.18994140625,837.4500122070312,2454.260009765625,5742.10009765625,3354.820068359375,7216.14990234375,20840.380859375,8870.16015625,4368.5,5703.2998046875,15.729999542236328,8679.1220703125
2012-09-11 00:00:00,1460.1500244140625,13564.6396484375,2861.639892578125,855.510009765625,2577.080078125,5852.60009765625,3530.719970703125,7451.6201171875,20734.939453125,9110.0,4389.7001953125,5691.14990234375,13.979999542236328,8201.4384765625
2012-09-04 00:00:00,1465.77001953125,13323.3603515625,2855.22998046875,864.7000122070312,2594.56005859375,5915.60009765625,3581.580078125,7412.1298828125,20629.779296875,9159.3896484375,4372.2001953125,5577.64990234375,14.510000228881836,8739.9521484375
2012-08-28 00:00:00,1437.9200439453125,13035.9404296875,2825.110107421875,842.27001953125,2538.60009765625,5794.7998046875,3519.050048828125,7214.5,19802.16015625,8871.650390625,4307.60009765625,5342.10009765625,14.380000114440918,8708.97265625
2012-08-21 00:00:00,1406.5799560546875,13102.990234375,2772.239990234375,812.0900268554688,2440.7099609375,5711.5,3413.070068359375,6970.7900390625,19482.5703125,8839.91015625,4300.2001953125,5258.5,17.469999313354492,8210.8984375
2012-08-14 00:00:00,1411.1300048828125,13203.580078125,2778.050048828125,809.1900024414062,2434.22998046875,5776.60009765625,3433.2099609375,6971.06982421875,19880.029296875,9070.759765625,4334.0,5386.7001953125,15.180000305175781,8579.18359375
2012-08-07 00:00:00,1418.1600341796875,13172.1396484375,2780.300048828125,819.8900146484375,2471.530029296875,5852.39990234375,3488.3798828125,7040.8798828125,20116.0703125,9162.5,4355.2001953125,5366.2998046875,13.449999809265137,8883.5107421875
2012-07-31 00:00:00,1405.8699951171875,13168.599609375,2722.9599609375,801.5499877929688,2423.219970703125,5847.10009765625,3435.6201171875,6944.56005859375,20136.119140625,8891.4404296875,4262.0,5320.39990234375,14.739999771118164,9238.0966796875
2012-07-24 00:00:00,1390.989990234375,13008.6796875,2676.0,788.47998046875,2372.580078125,5787.2998046875,3374.18994140625,6865.66015625,19666.1796875,8555.1103515625,4206.7998046875,5215.7001953125,15.640000343322754,9076.517578125
2012-07-17 00:00:00,1385.969970703125,12617.3203125,2647.030029296875,796.0,2301.22998046875,5627.2001953125,3280.18994140625,6689.39990234375,19274.9609375,8566.6396484375,4196.5,5099.85009765625,16.700000762939453,9087.02734375
2012-07-10 00:00:00,1362.6600341796875,12805.5400390625,2618.0400390625,791.5399780273438,2237.330078125,5651.7998046875,3193.889892578125,6630.02001953125,19640.80078125,8669.8701171875,4186.2001953125,5205.10009765625,16.270000457763672,9333.10546875
2012-07-03 00:00:00,1356.780029296875,12653.1201171875,2584.969970703125,800.989990234375,2259.090087890625,5666.10009765625,3180.81005859375,6557.10009765625,19092.630859375,8724.1201171875,4068.39990234375,5227.25,16.739999771118164,9792.380859375
2012-06-26 00:00:00,1354.6800537109375,12943.66015625,2612.2900390625,807.1400146484375,2235.510009765625,5662.60009765625,3168.7900390625,6410.10986328125,19800.640625,9020.75,4144.0,5316.9501953125,17.100000381469727,9690.0517578125
2012-06-19 00:00:00,1362.1600341796875,12534.669921875,2615.719970703125,798.489990234375,2264.719970703125,5571.2001953125,3196.64990234375,6416.27978515625,19441.4609375,9006.7802734375,4080.10009765625,5278.89990234375,17.079999923706055,9500.2138671875
2012-06-12 00:00:00,1335.02001953125,12837.330078125,2585.530029296875,775.1599731445312,2186.81005859375,5513.7001953125,3090.89990234375,6263.25,18995.130859375,8798.349609375,4035.5,5146.0498046875,18.110000610351562,9682.58203125
2012-06-05 00:00:00,1342.8399658203125,12573.7998046875,2571.22998046875,771.3200073242188,2181.22998046875,5478.7998046875,3087.6201171875,6229.41015625,19233.939453125,8569.3203125,4044.800048828125,5139.0498046875,21.110000610351562,9885.5390625
2012-05-29 00:00:00,1325.6600341796875,12127.9501953125,2559.2099609375,769.1900024414062,2143.89990234375,5435.10009765625,3051.68994140625,6130.81982421875,18502.33984375,8459.259765625,4052.0,5068.35009765625,21.229999542236328,9707.0712890625
2012-05-22 00:00:00,1278.0400390625,12580.6904296875,2458.830078125,737.4199829101562,2068.659912109375,5260.2001953125,2950.469970703125,6050.2900390625,18558.33984375,8440.25,4052.60009765625,4841.60009765625,26.65999984741211,10145.685546875
2012-05-15 00:00:00,1317.8199462890625,12502.8095703125,2527.050048828125,766.4099731445312,2161.8701171875,5351.5,3047.93994140625,6339.93994140625,18713.41015625,8580.3896484375,4017.0,4920.39990234375,21.760000228881836,9884.8486328125
2012-05-08 00:00:00,1295.219970703125,12632.0,2478.530029296875,747.2100219726562,2144.68994140625,5267.60009765625,3008.0,6271.22021484375,18951.849609375,8611.3095703125,4034.5,4891.4501953125,25.100000381469727,9902.978515625
2012-05-01 00:00:00,1353.3900146484375,12932.08984375,2615.97998046875,790.0599975585938,2254.5400390625,5575.5,3129.77001953125,6579.93017578125,19964.630859375,8953.3095703125,4273.7998046875,4928.89990234375,19.889999389648438,10211.2958984375
2012-04-24 00:00:00,1369.0999755859375,13279.3203125,2637.919921875,791.8400268554688,2248.340087890625,5655.10009765625,3161.969970703125,6561.47021484375,21086.0,9380.25,4386.89990234375,5086.85009765625,19.15999984741211,10573.48046875
2012-04-17 00:00:00,1403.3599853515625,13001.5595703125,2741.340087890625,825.469970703125,2344.02001953125,5777.10009765625,3266.27001953125,6801.31982421875,20741.44921875,9520.8896484375,4353.0,5190.60009765625,16.31999969482422,10180.275390625
2012-04-10 00:00:00,1378.530029296875,13115.5400390625,2676.0400390625,804.0499877929688,2311.27001953125,5772.2001953125,3188.580078125,6750.1201171875,21010.640625,9561.3603515625,4359.0,5290.85009765625,17.440000534057617,10130.9267578125
2012-04-03 00:00:00,1370.260009765625,12715.9296875,2698.989990234375,796.2899780273438,2291.510009765625,5651.7998046875,3189.090087890625,6583.89990234375,20701.0390625,9637.990234375,4314.89990234375,5207.4501953125,19.549999237060547,10043.607421875
2012-03-27 00:00:00,1398.0799560546875,13199.5498046875,2762.5,818.1799926757812,2392.5400390625,5723.7001953125,3319.81005859375,6775.259765625,20593.0,9688.4501953125,4311.2998046875,5322.89990234375,16.700000762939453,9786.0810546875
2012-03-20 00:00:00,1408.469970703125,13197.73046875,2755.27001953125,830.2999877929688,2477.280029296875,5768.5,3423.81005859375,6946.830078125,20555.580078125,10083.5595703125,4326.5,5295.5498046875,15.5,9410.154296875
2012-03-13 00:00:00,1397.1099853515625,13170.1904296875,2728.550048828125,830.030029296875,2525.429931640625,5854.89990234375,3476.179931640625,6995.6201171875,20668.80078125,10011.4697265625,4260.89990234375,5278.2001953125,14.819999694824219,9885.138671875
2012-03-06 00:00:00,1404.1700439453125,13177.6796875,2712.780029296875,830.1799926757812,2608.300048828125,5965.60009765625,3594.830078125,7157.81982421875,21317.849609375,10129.830078125,4267.10009765625,5317.89990234375,14.470000267028809,10279.1845703125
2012-02-28 00:00:00,1370.8699951171875,12759.150390625,2646.85009765625,817.0,2515.949951171875,5887.5,3487.47998046875,6880.2099609375,21086.0,9929.740234375,4204.2001953125,5333.5498046875,17.110000610351562,10334.263671875
2012-02-21 00:00:00,1369.6300048828125,13005.1201171875,2641.580078125,802.4199829101562,2546.159912109375,5911.10009765625,3501.169921875,6921.3701171875,21562.259765625,9777.0302734375,4266.10009765625,5359.35009765625,17.290000915527344,10299.8251953125
2012-02-14 00:00:00,1365.739990234375,12965.6904296875,2604.2099609375,826.9199829101562,2523.68994140625,5935.10009765625,3467.030029296875,6864.43017578125,21406.859375,9647.3798828125,4300.60009765625,5429.2998046875,17.309999465942383,10124.037109375
2012-02-07 00:00:00,1361.22998046875,12878.2802734375,2584.239990234375,828.6799926757812,2520.31005859375,5905.10009765625,3439.6201171875,6848.02978515625,21491.619140625,9384.169921875,4189.5,5564.2998046875,17.780000686645508,9615.2314453125
2012-01-31 00:00:00,1342.6400146484375,12878.2001953125,2547.320068359375,813.3300170898438,2480.760009765625,5852.39990234375,3373.139892578125,6692.9599609375,20783.859375,8947.169921875,4238.7998046875,5381.60009765625,20.790000915527344,9590.8427734375
2012-01-24 00:00:00,1344.9000244140625,12632.91015625,2529.169921875,831.1099853515625,2515.14990234375,5901.10009765625,3427.919921875,6766.669921875,20756.98046875,8831.9296875,4245.39990234375,5325.85009765625,17.100000381469727,9436.884765625
2012-01-17 00:00:00,1316.3299560546875,12675.75,2461.77001953125,798.8499755859375,2436.6201171875,5733.5,3318.760009765625,6511.97998046875,20501.669921875,8841.2197265625,4282.89990234375,5204.7001953125,18.530000686645508,
2012-01-10 00:00:00,1315.3800048828125,12482.0703125,2437.02001953125,784.6199951171875,2426.9599609375,5728.60009765625,3321.5,6404.39013671875,20110.369140625,8766.3603515625,4233.10009765625,5048.60009765625,18.280000686645508,9466.0341796875
2012-01-03 00:00:00,1289.0899658203125,12462.4697265625,2371.97998046875,764.2000122070312,2338.010009765625,5636.60009765625,3196.489990234375,6143.080078125,19204.419921875,8500.01953125,4190.2001953125,4866.0,20.90999984741211,9030.4892578125
2011-12-27 00:00:00,1277.81005859375,12397.3798828125,2356.169921875,749.7100219726562,2298.64990234375,5649.7001953125,3137.360107421875,6057.919921875,18593.060546875,8390.349609375,4102.7998046875,4754.10009765625,20.6299991607666,8634.3232421875
2011-12-20 00:00:00,1257.5999755859375,12291.349609375,2277.830078125,740.9199829101562,2316.550048828125,5572.2998046875,3159.81005859375,5898.35009765625,18434.390625,8455.349609375,4050.699951171875,4624.2998046875,23.399999618530273,8918.720703125
2011-12-13 00:00:00,1265.3299560546875,12103.580078125,2287.570068359375,747.97998046875,2290.3701171875,5512.7001953125,3102.090087890625,5878.93017578125,18629.169921875,8395.16015625,4135.2998046875,4714.0,20.729999542236328,8976.4189453125
2011-12-06 00:00:00,1219.6600341796875,11954.9404296875,2238.179931640625,722.0499877929688,2202.719970703125,5387.2998046875,2972.300048828125,5701.77978515625,18285.390625,8401.7197265625,4155.2001953125,4651.60009765625,24.290000915527344,9081.837890625
2011-11-29 00:00:00,1255.18994140625,12150.1298828125,2318.679931640625,745.4000244140625,2342.590087890625,5529.2001953125,3172.35009765625,5986.7099609375,18586.23046875,8536.4599609375,4200.5,4866.7001953125,26.3799991607666,9480.1630859375
2011-11-22 00:00:00,1244.280029296875,11555.6298828125,2302.0400390625,735.02001953125,2342.5,5552.2998046875,3164.949951171875,6080.68017578125,19040.390625,8643.75,4285.7001953125,5050.14990234375,27.520000457763672,9808.1201171875
2011-11-15 00:00:00,1158.6700439453125,11493.7197265625,2150.8798828125,666.1599731445312,2111.260009765625,5164.7001953125,2856.969970703125,5492.8701171875,17689.48046875,8160.009765625,3980.89990234375,4710.0498046875,34.470001220703125,9886.138671875
2011-11-08 00:00:00,1215.6500244140625,12096.16015625,2253.949951171875,719.4199829101562,2236.679931640625,5362.89990234375,2997.010009765625,5800.240234375,18491.23046875,8374.91015625,4175.10009765625,4905.7998046875,32.0,10025.0576171875
2011-11-01 00:00:00,1263.8499755859375,12170.1796875,2355.780029296875,744.6400146484375,2324.81005859375,5545.39990234375,3149.3798828125,6057.02978515625,19137.169921875,8514.4697265625,4294.39990234375,5168.85009765625,30.040000915527344,10418.8125
2011-10-25 00:00:00,1253.22998046875,11657.9599609375,2356.320068359375,746.489990234375,2291.469970703125,5527.2001953125,3123.550048828125,5966.16015625,19842.7890625,8801.400390625,4278.39990234375,5284.2001953125,30.15999984741211,10699.3701171875
2011-10-18 00:00:00,1285.0899658203125,11706.6201171875,2401.2900390625,761.0,2462.360107421875,5702.2001953125,3348.6298828125,6346.18994140625,20019.240234375,9050.4697265625,4352.10009765625,5360.7001953125,24.530000686645508,10561.87109375
2011-10-11 00:00:00,1238.25,11577.0498046875,2335.929931640625,712.4199829101562,2337.510009765625,5488.7001953125,3171.340087890625,5970.9599609375,18025.720703125,8678.8896484375,4137.60009765625,5049.9501953125,31.31999969482422,9697.1015625
2011-10-04 00:00:00,1224.5799560546875,11416.2998046875,2371.93994140625,712.4600219726562,2355.47998046875,5466.39990234375,3217.889892578125,5967.2001953125,18501.7890625,8747.9599609375,4201.10009765625,5132.2998046875,28.239999771118164,10438.142578125
2011-09-27 00:00:00,1155.4599609375,10808.7099609375,2202.760009765625,656.2100219726562,2269.18994140625,5303.39990234375,3095.56005859375,5675.7001953125,17707.009765625,8605.6201171875,4157.0,4888.0498046875,36.20000076293945,
2011-09-20 00:00:00,1131.4200439453125,11190.6904296875,2139.179931640625,644.1599731445312,2179.659912109375,5128.5,2981.9599609375,5502.02001953125,17592.41015625,8700.2900390625,4002.199951171875,4943.25,42.959999084472656,10292.21484375
2011-09-13 00:00:00,1136.4300537109375,11408.66015625,2206.860107421875,652.4299926757812,2026.030029296875,5066.7998046875,2810.110107421875,5196.56005859375,17668.830078125,8560.259765625,3896.199951171875,4867.75,41.25,10538.283203125
2011-09-06 00:00:00,1216.010009765625,11105.849609375,2306.090087890625,714.3099975585938,2159.280029296875,5368.39990234375,3031.080078125,5573.509765625,19455.310546875,8864.16015625,4145.2998046875,5084.25,30.979999542236328,10878.1083984375
2011-08-30 00:00:00,1154.22998046875,11139.2998046875,2163.659912109375,673.9600219726562,2073.669921875,5214.7001953125,2974.590087890625,5189.93017578125,19866.630859375,8737.66015625,4192.39990234375,5059.4501953125,38.52000045776367,10892.267578125
2011-08-23 00:00:00,1173.969970703125,11559.9501953125,2167.830078125,683.3599853515625,2220.719970703125,5292.0,3148.530029296875,5538.330078125,20212.91015625,8950.740234375,4240.7001953125,5040.0,33.91999816894531,11228.173828125
2011-08-16 00:00:00,1176.800048828125,11176.759765625,2161.969970703125,691.7899780273438,2190.43994140625,5129.89990234375,3087.639892578125,5537.47998046875,19582.880859375,8797.7802734375,4196.60009765625,4747.7998046875,35.59000015258789,11568.0400390625
2011-08-09 00:00:00,1123.530029296875,11405.9296875,2038.219970703125,651.7000122070312,2159.070068359375,5040.7998046875,3016.989990234375,5480.0,19399.919921875,8719.240234375,4098.39990234375,4845.64990234375,43.04999923706055,11301.4033203125
2011-08-02 00:00:00,1178.81005859375,11239.76953125,2182.050048828125,697.5,2307.330078125,5320.0,3213.8798828125,5997.740234375,19620.009765625,8963.7197265625,4169.7998046875,5072.9501953125,36.36000061035156,11651.1591796875
2011-07-26 00:00:00,1199.3800048828125,11866.6201171875,2194.3798828125,714.6300048828125,2375.14990234375,5247.0,3278.56005859375,6236.16015625,20946.140625,9299.8798828125,4104.60009765625,5211.25,32.0,11701.62890625
2011-07-19 00:00:00,1292.280029296875,12501.2998046875,2362.81005859375,797.030029296875,2670.3701171875,5815.2001953125,3672.77001953125,7158.77001953125,22440.25,9833.0302734375,4425.2998046875,5482.0,25.25,11990.2958984375
2011-07-12 00:00:00,1345.02001953125,12587.419921875,2429.5,841.8200073242188,2772.60009765625,5935.0,3842.699951171875,7326.39013671875,22444.80078125,10132.1103515625,4604.2998046875,5633.9501953125,17.520000457763672,12352.361328125
2011-07-05 00:00:00,1316.1400146484375,12446.8798828125,2356.669921875,828.780029296875,2675.3798828125,5843.7001953125,3726.590087890625,7220.1201171875,21875.380859375,9974.4697265625,4474.39990234375,5581.10009765625,19.530000686645508,12506.80078125
2011-06-28 00:00:00,1343.800048828125,12569.8701171875,2405.889892578125,852.5700073242188,2790.090087890625,5990.60009765625,3913.550048828125,7402.72998046875,22726.4296875,10137.73046875,4654.7001953125,5660.64990234375,15.949999809265137,12404.201171875
2011-06-21 00:00:00,1339.6700439453125,12188.6904296875,2361.389892578125,840.0399780273438,2875.669921875,5989.7998046875,4007.35009765625,7419.43994140625,22398.099609375,9868.0703125,4589.5,5627.2001953125,15.869999885559082,12177.943359375
2011-06-14 00:00:00,1268.449951171875,12190.009765625,2217.06005859375,797.7899780273438,2715.8798828125,5697.7001953125,3784.800048828125,7121.3798828125,22171.94921875,9678.7099609375,4506.2998046875,5471.25,21.100000381469727,11995.9462890625
2011-06-07 00:00:00,1271.5,12076.1103515625,2192.9599609375,781.75,2770.1201171875,5714.89990234375,3823.739990234375,7164.0498046875,21695.259765625,9351.400390625,4484.39990234375,5366.39990234375,21.850000381469727,11409.0322265625
2011-05-31 00:00:00,1270.97998046875,12070.8095703125,2221.090087890625,779.5399780273438,2732.5400390625,5765.7998046875,3805.090087890625,7069.89990234375,22420.369140625,9514.4404296875,4561.7001953125,5485.7998046875,18.860000610351562,11593.25
2011-05-24 00:00:00,1300.1600341796875,12569.7900390625,2292.31005859375,808.1300048828125,2789.110107421875,5855.0,3890.679931640625,7109.02978515625,22949.560546875,9492.2099609375,4581.5,5516.75,17.950000762939453,11642.26953125
2011-05-17 00:00:00,1331.0999755859375,12356.2099609375,2336.090087890625,836.260009765625,2819.39990234375,5938.89990234375,3950.97998046875,7163.47021484375,23118.0703125,9521.9404296875,4682.89990234375,5476.10009765625,15.979999542236328,11492.5810546875
2011-05-10 00:00:00,1333.27001953125,12479.580078125,2351.429931640625,829.0599975585938,2853.97998046875,5948.5,3990.85009765625,7266.81982421875,23199.390625,9607.080078125,4732.2998046875,5486.35009765625,17.43000030517578,12160.8935546875
2011-05-03 00:00:00,1337.77001953125,12760.3603515625,2379.239990234375,835.6699829101562,2894.60009765625,5925.89990234375,4018.85009765625,7403.31005859375,23276.26953125,9648.76953125,4711.60009765625,5544.75,17.06999969482422,12156.4736328125
2011-04-26 00:00:00,1340.199951171875,12807.509765625,2383.179931640625,833.3400268554688,2952.89990234375,5976.7998046875,4058.010009765625,7492.25,23159.140625,9859.2001953125,4743.7001953125,5551.4501953125,18.399999618530273,12067.474609375
2011-04-19 00:00:00,1363.6099853515625,12595.3701171875,2404.080078125,865.2899780273438,3011.25,6069.89990234375,4106.919921875,7514.4599609375,23720.810546875,9849.740234375,4825.2998046875,5749.5,14.75,12312.8515625
2011-04-12 00:00:00,1337.3800048828125,12266.75,2377.300048828125,845.6400146484375,2936.300048828125,6018.2998046875,4021.8798828125,7295.490234375,24138.310546875,9682.2099609375,4917.39990234375,5884.7001953125,14.6899995803833,12708.27734375
2011-04-05 00:00:00,1319.6800537109375,12263.580078125,2307.580078125,834.97998046875,2919.050048828125,5996.0,3974.47998046875,7178.2900390625,24008.0703125,9591.51953125,4855.10009765625,5824.5498046875,15.319999694824219,12965.6044921875
2011-03-29 00:00:00,1328.1700439453125,12393.900390625,2321.179931640625,840.8900146484375,2984.659912109375,6055.7998046875,4061.909912109375,7217.02001953125,24396.0703125,9768.080078125,4944.5,5842.0,17.8700008392334,13036.083984375
2011-03-22 00:00:00,1332.4100341796875,12279.009765625,2342.919921875,846.77001953125,2962.919921875,6009.89990234375,4054.760009765625,7179.81005859375,23801.900390625,9708.3896484375,4866.89990234375,5826.0498046875,17.399999618530273,12699.27734375
2011-03-15 00:00:00,1313.800048828125,12018.6298828125,2316.360107421875,823.8499755859375,2911.330078125,5900.7998046875,3972.3798828125,6946.35986328125,23158.669921875,9536.1298828125,4747.2001953125,5654.25,17.90999984741211,12941.92578125
2011-03-08 00:00:00,1279.2099609375,11855.419921875,2221.070068359375,794.6599731445312,2792.610107421875,5718.10009765625,3810.219970703125,6664.39990234375,22300.23046875,9206.75,4630.10009765625,5373.7001953125,24.440000534057617,12721.84765625
2011-03-01 00:00:00,1304.280029296875,12214.3798828125,2299.260009765625,802.8300170898438,2883.840087890625,5828.7001953125,3928.679931640625,6981.490234375,23249.779296875,10254.4296875,4647.7998046875,5445.4501953125,20.079999923706055,12847.875
2011-02-22 00:00:00,1321.1500244140625,12058.01953125,2359.9599609375,824.989990234375,2949.179931640625,5990.39990234375,4020.2099609375,7178.89990234375,23408.859375,10693.66015625,4867.7001953125,5538.75,19.059999465942383,12893.6953125
2011-02-15 00:00:00,1319.8800048828125,12212.7900390625,2346.2900390625,821.9500122070312,2985.02001953125,6001.2001953125,4070.3798828125,7185.169921875,23012.369140625,10526.759765625,4840.39990234375,5303.5498046875,19.219999313354492,12633.73828125
2011-02-08 00:00:00,1343.010009765625,12226.6396484375,2392.469970703125,834.8200073242188,3068.0,6083.0,4157.14013671875,7426.81005859375,23595.240234375,10842.7998046875,4940.2998046875,5458.9501953125,16.43000030517578,12612.96875
2011-02-01 00:00:00,1329.1500244140625,12233.150390625,2379.14990234375,822.1099853515625,3024.3701171875,6062.89990234375,4101.31005859375,7371.2001953125,22828.919921875,10605.650390625,4885.0,5310.0,15.6899995803833,12292.3515625
2011-01-25 00:00:00,1310.8699951171875,12040.16015625,2338.199951171875,800.1099853515625,3003.18994140625,5997.39990234375,4047.2099609375,7216.2099609375,23908.9609375,10543.51953125,4866.7001953125,5395.75,15.930000305175781,11991.3759765625
2011-01-18 00:00:00,1276.3399658203125,11977.1904296875,2270.510009765625,775.4000244140625,2954.1298828125,5881.39990234375,4002.320068359375,7102.7998046875,23617.01953125,10360.33984375,4779.2998046875,5512.14990234375,20.040000915527344,11894.0966796875
2011-01-11 00:00:00,1283.3499755859375,11837.9296875,2268.320068359375,773.1799926757812,2970.56005859375,5896.2998046875,4017.449951171875,7062.419921875,23876.859375,10274.51953125,4761.5,5696.5,18.469999313354492,11639.8291015625
2011-01-04 00:00:00,1293.239990234375,11671.8798828125,2323.429931640625,807.5700073242188,2920.39990234375,6002.10009765625,3983.280029296875,7075.7001953125,24283.23046875,10499.0400390625,4807.7998046875,5654.5498046875,15.460000038146973,12294.03125
2010-12-28 00:00:00,1271.5,11691.1796875,2276.699951171875,787.8300170898438,2808.25,5984.2998046875,3865.580078125,6947.83984375,23686.630859375,10541.0400390625,4708.7001953125,5904.60009765625,17.139999389648438,12573.798828125
2010-12-21 00:00:00,1257.6400146484375,11575.5400390625,2217.860107421875,783.6500244140625,2792.820068359375,5899.89990234375,3804.780029296875,6914.18994140625,23035.44921875,10228.919921875,4750.5,6134.5,17.75,12458.41015625
2010-12-14 00:00:00,1256.77001953125,11533.16015625,2230.27001953125,788.9600219726562,2861.93994140625,6008.89990234375,3900.389892578125,7057.68994140625,22833.80078125,10279.1904296875,4781.89990234375,6011.60009765625,16.469999313354492,12556.7080078125
2010-12-07 00:00:00,1243.9100341796875,11476.5400390625,2218.2900390625,779.510009765625,2821.77001953125,5871.7998046875,3867.35009765625,6982.4501953125,22714.849609375,10303.830078125,4767.2001953125,5948.75,16.110000610351562,12759.45703125
2010-11-30 00:00:00,1240.4000244140625,11359.16015625,2215.340087890625,776.8300170898438,2839.530029296875,5813.0,3857.35009765625,7006.169921875,23162.91015625,10211.9501953125,4749.39990234375,5857.35009765625,17.610000610351562,12460.3203125
2010-11-23 00:00:00,1224.7099609375,11006.01953125,2191.169921875,756.4199829101562,2782.389892578125,5745.2998046875,3750.550048828125,6947.72021484375,23320.51953125,10178.3203125,4697.0,5992.7998046875,18.010000228881836,12442.8603515625
2010-11-16 00:00:00,1189.4000244140625,11036.3701171875,2153.909912109375,732.72998046875,2736.9599609375,5668.7001953125,3728.64990234375,6848.97998046875,22877.25,10039.5595703125,4601.0,5751.9501953125,22.219999313354492,12538.869140625
2010-11-09 00:00:00,1199.72998046875,11023.5,2135.27001953125,724.3599853515625,2845.75,5732.7998046875,3860.159912109375,6843.5498046875,23605.7109375,10022.3896484375,4632.0,5890.2998046875,18.040000915527344,12295.7109375
2010-11-02 00:00:00,1199.2099609375,11346.75,2137.949951171875,719.27001953125,2822.429931640625,5796.89990234375,3831.1201171875,6734.60986328125,24222.580078125,9724.8095703125,4695.7998046875,6071.64990234375,20.610000610351562,12726.3974609375
2010-10-26 00:00:00,1225.8499755859375,11188.7197265625,2186.7099609375,736.5900268554688,2875.93994140625,5875.39990234375,3916.72998046875,6754.2001953125,24876.8203125,9625.990234375,4804.5,6312.4501953125,18.260000228881836,13733.20703125
2010-10-19 00:00:00,1183.260009765625,11169.4599609375,2124.449951171875,703.3499755859375,2844.989990234375,5675.2001953125,3833.5,6601.3701171875,23096.3203125,9202.4501953125,4663.7001953125,6017.7001953125,21.200000762939453,13367.08984375
2010-10-12 00:00:00,1183.0799560546875,10978.6201171875,2104.2099609375,703.4299926757812,2873.739990234375,5741.39990234375,3868.5400390625,6605.83984375,23517.5390625,9426.7099609375,4650.89990234375,6066.0498046875,18.780000686645508,13224.8330078125
2010-10-05 00:00:00,1176.18994140625,11020.400390625,2097.72998046875,703.1599731445312,2841.64990234375,5703.39990234375,3827.3701171875,6492.2998046875,23757.630859375,9500.25,4692.10009765625,6062.64990234375,19.030000686645508,12765.357421875
2010-09-28 00:00:00,1165.1500244140625,10944.7197265625,2027.030029296875,693.8200073242188,2785.429931640625,5657.60009765625,3763.179931640625,6291.669921875,22944.1796875,9588.8798828125,4684.5,6103.4501953125,20.709999084472656,11911.236328125
2010-09-21 00:00:00,1146.239990234375,10858.1396484375,1996.5999755859375,679.2899780273438,2732.909912109375,5592.89990234375,3692.090087890625,6211.33984375,22358.169921875,9404.23046875,4581.2998046875,6143.39990234375,22.5,11468.412109375
2010-09-14 00:00:00,1148.6700439453125,10761.0302734375,2023.8399658203125,671.010009765625,2792.75,5598.5,3782.47998046875,6298.2998046875,22119.4296875,9471.669921875,4603.7001953125,6018.2998046875,21.709999084472656,11210.615234375
2010-09-07 00:00:00,1125.5899658203125,10526.490234375,1955.8299560546875,651.4400024414062,2757.3701171875,5508.5,3722.02001953125,6209.759765625,21970.859375,9626.08984375,4639.0,5884.9501953125,22.010000228881836,11208.125
2010-08-31 00:00:00,1109.550048828125,10340.6904296875,1892.3399658203125,636.4600219726562,2780.39990234375,5501.60009765625,3725.820068359375,6214.77001953125,21257.390625,9239.169921875,4560.2001953125,5640.0498046875,21.989999771118164,11530.861328125
2010-08-24 00:00:00,1104.510009765625,10014.7197265625,1870.31005859375,643.3599853515625,2746.22998046875,5428.2001953125,3672.199951171875,6134.6201171875,20971.5,9114.1298828125,4540.60009765625,5479.39990234375,21.309999465942383,11466.9619140625
2010-08-17 00:00:00,1064.5899658203125,10040.4501953125,1791.6400146484375,616.760009765625,2630.35009765625,5201.60009765625,3507.43994140625,5951.169921875,20597.349609375,8991.0595703125,4369.39990234375,5408.7001953125,24.450000762939453,11034.607421875
2010-08-10 00:00:00,1071.68994140625,10405.849609375,1825.75,610.780029296875,2643.97998046875,5195.2998046875,3526.1201171875,6005.16015625,20981.8203125,9179.3798828125,4429.7998046875,5530.64990234375,25.489999771118164,11090.3349609375
2010-08-03 00:00:00,1079.25,10644.25,1818.800048828125,609.489990234375,2708.72998046875,5275.39990234375,3610.909912109375,6110.41015625,21071.5703125,9253.4599609375,4457.7998046875,5452.10009765625,26.239999771118164,10886.4482421875
2010-07-27 00:00:00,1121.6400146484375,10636.3798828125,1902.8800048828125,650.6799926757812,2779.340087890625,5332.39990234375,3716.050048828125,6259.6298828125,21678.80078125,9642.1201171875,4563.60009765625,5439.25,21.739999771118164,10942.8076171875
2010-07-20 00:00:00,1101.5999755859375,10537.6904296875,1864.0,650.8900146484375,2742.139892578125,5258.0,3643.139892578125,6147.97021484375,21029.810546875,9537.2998046875,4492.2998046875,5367.60009765625,23.5,10785.2294921875
2010-07-13 00:00:00,1102.6600341796875,10229.9599609375,1875.3800048828125,650.6500244140625,2719.1298828125,5312.60009765625,3607.050048828125,6166.33984375,20815.330078125,9430.9599609375,4456.60009765625,5449.10009765625,23.469999313354492,10527.8330078125
2010-07-06 00:00:00,1064.8800048828125,10363.01953125,1803.47998046875,610.3900146484375,2645.610107421875,5158.89990234375,3500.159912109375,6040.27001953125,20250.16015625,9408.3603515625,4419.5,5393.89990234375,26.25,9806.529296875
2010-06-29 00:00:00,1077.9599609375,9743.6201171875,1814.7900390625,629.4299926757812,2681.199951171875,5132.89990234375,3554.47998046875,6065.240234375,20378.66015625,9585.3203125,4393.60009765625,5352.4501953125,24.979999542236328,9816.75
2010-06-22 00:00:00,1022.5800170898438,9870.2998046875,1728.3399658203125,598.969970703125,2522.360107421875,4838.10009765625,3348.3701171875,5834.14990234375,19905.3203125,9203.7099609375,4235.0,5237.10009765625,30.1200008392334,9227.7861328125
2010-06-15 00:00:00,1076.760009765625,10293.51953125,1838.52001953125,645.1099853515625,2629.25,5046.5,3519.72998046875,6070.60009765625,20690.7890625,9737.48046875,4409.10009765625,5269.0498046875,28.530000686645508,10104.716796875
2010-06-08 00:00:00,1117.510009765625,10404.76953125,1913.47998046875,666.9199829101562,2737.02001953125,5250.7998046875,3687.2099609375,6216.97998046875,20286.7109375,9995.01953125,4546.2001953125,5262.60009765625,23.950000762939453,9966.4287109375
2010-06-01 00:00:00,1091.5999755859375,9939.98046875,1847.1500244140625,649.0,2638.31005859375,5163.7001953125,3555.52001953125,6047.830078125,19872.380859375,9705.25,4499.7998046875,5119.35009765625,28.790000915527344,10239.2158203125
2010-05-25 00:00:00,1064.8800048828125,10024.01953125,1832.0400390625,633.969970703125,2553.590087890625,5126.0,3455.610107421875,5938.8798828125,19780.0703125,9901.1904296875,4442.60009765625,5135.5,35.47999954223633,10187.0859375
2010-05-18 00:00:00,1089.4100341796875,10043.75,1852.3900146484375,661.6099853515625,2614.06005859375,5188.39990234375,3515.06005859375,5946.18017578125,19766.7109375,9762.98046875,4451.60009765625,5066.5498046875,32.06999969482422,10495.533203125
2010-05-11 00:00:00,1087.68994140625,10510.9501953125,1822.77001953125,649.2899780273438,2574.179931640625,5062.89990234375,3430.739990234375,5829.25,19545.830078125,9784.5400390625,4299.2998046875,4931.14990234375,40.099998474121094,10208.9560546875
2010-05-04 00:00:00,1135.6800537109375,10748.259765625,1907.0999755859375,693.97998046875,2633.919921875,5262.89990234375,3560.360107421875,6056.7099609375,20145.4296875,10462.509765625,4606.10009765625,5093.5,31.239999771118164,10330.0234375
2010-04-27 00:00:00,1110.8800048828125,10926.76953125,1849.43994140625,653.0,2500.179931640625,5123.0,3392.590087890625,5715.08984375,19920.2890625,10364.58984375,4475.7001953125,5018.0498046875,40.95000076293945,10146.3056640625
2010-04-20 00:00:00,1186.68994140625,10991.990234375,2000.6300048828125,716.5999755859375,2816.860107421875,5553.2998046875,3816.989990234375,6135.7001953125,21108.58984375,11057.400390625,4804.7001953125,5278.0,22.049999237060547,11162.4150390625
2010-04-13 00:00:00,1217.280029296875,11117.0595703125,2055.330078125,741.9199829101562,2918.110107421875,5723.7001953125,3951.300048828125,6259.52978515625,21244.490234375,10914.4599609375,4879.2998046875,5304.10009765625,16.6200008392334,11702.7392578125
2010-04-06 00:00:00,1192.1300048828125,11019.419921875,2012.8399658203125,714.6199951171875,2949.64990234375,5744.0,3986.6298828125,6180.89990234375,21865.259765625,11102.1796875,4984.7001953125,5262.60009765625,18.360000610351562,12416.7216796875
2010-03-30 00:00:00,1194.3699951171875,10969.990234375,1994.4300537109375,702.9500122070312,2993.5400390625,5771.0,4050.5400390625,6249.7001953125,22208.5,11204.33984375,4948.5,5361.75,16.139999389648438,12554.9794921875
2010-03-23 00:00:00,1178.0999755859375,10907.419921875,1959.56005859375,683.97998046875,2978.5,5744.89990234375,4034.22998046875,6235.56005859375,21537.0,11286.08984375,4908.2001953125,5290.5,17.469999313354492,12767.7177734375
2010-03-16 00:00:00,1166.5899658203125,10888.830078125,1952.6300048828125,678.969970703125,2940.93994140625,5703.0,3988.929931640625,6120.0498046875,21053.109375,10996.3701171875,4897.0,5282.0,17.770000457763672,12240.2236328125
2010-03-09 00:00:00,1159.9000244140625,10685.98046875,1932.4300537109375,673.8900146484375,2897.949951171875,5650.10009765625,3925.43994140625,5982.43017578125,21370.8203125,10824.7197265625,4873.2998046875,5262.7998046875,16.969999313354492,12352.78125
2010-03-02 00:00:00,1149.989990234375,10564.3798828125,1924.4300537109375,676.5900268554688,2898.360107421875,5625.7001953125,3927.39990234375,5945.10986328125,21209.740234375,10751.259765625,4818.0,5137.0,17.579999923706055,12168.9736328125
2010-02-23 00:00:00,1138.699951171875,10405.98046875,1888.56005859375,666.02001953125,2877.43994140625,5599.7998046875,3910.419921875,5877.35986328125,20787.970703125,10368.9599609375,4766.89990234375,5088.7001953125,17.420000076293945,12341.6015625
2010-02-16 00:00:00,1104.489990234375,10282.41015625,1818.6800537109375,628.5599975585938,2728.469970703125,5354.5,3708.800048828125,5598.4599609375,20608.69921875,10126.0302734375,4637.39990234375,4922.2998046875,19.5,12436.5205078125
2010-02-09 00:00:00,1109.1700439453125,10268.8095703125,1823.3199462890625,631.6199951171875,2793.3701171875,5358.2001953125,3769.5400390625,5722.0498046875,19894.01953125,10123.580078125,4634.7998046875,4844.89990234375,20.020000457763672,
2010-02-02 00:00:00,1075.510009765625,10058.6396484375,1779.1099853515625,610.719970703125,2674.4599609375,5142.5,3599.070068359375,5500.39013671875,20268.689453125,10092.1904296875,4561.2998046875,4826.85009765625,22.729999542236328,12304.6416015625
2010-01-26 00:00:00,1066.18994140625,10296.849609375,1746.1199951171875,592.97998046875,2631.639892578125,5060.89990234375,3563.760009765625,5434.33984375,19665.080078125,10057.08984375,4512.5,4718.64990234375,26.110000610351562,11917.005859375
2010-01-19 00:00:00,1073.8699951171875,10194.2900390625,1741.0400390625,602.0399780273438,2776.830078125,5188.5,3739.4599609375,5608.7900390625,20121.990234375,10198.0400390625,4570.60009765625,4882.0498046875,24.6200008392334,12137.064453125
2010-01-12 00:00:00,1091.760009765625,10725.4296875,1794.8199462890625,617.1199951171875,2836.800048828125,5303.0,3820.780029296875,5695.31982421875,20726.1796875,10590.5498046875,4752.39990234375,5036.0,27.309999465942383,12595.798828125
2010-01-05 00:00:00,1136.030029296875,10627.259765625,1864.52001953125,637.9600219726562,2940.25,5455.39990234375,3954.3798828125,5875.97021484375,21654.16015625,10982.099609375,4901.60009765625,5252.2001953125,17.90999984741211,13264.2216796875
2009-12-29 00:00:00,1144.97998046875,10572.01953125,1892.5899658203125,644.5599975585938,3017.85009765625,5534.2001953125,4045.139892578125,6037.60986328125,22296.75,10798.3203125,4913.2998046875,5244.75,18.1299991607666,13267.2919921875
2009-12-22 00:00:00,1115.0999755859375,10545.41015625,1860.31005859375,625.3900146484375,2966.239990234375,5412.89990234375,3936.330078125,5957.43017578125,21872.5,10546.4404296875,4870.89990234375,5201.0498046875,21.68000030517578,13699.81640625
2009-12-15 00:00:00,1126.47998046875,10464.9296875,1869.8399658203125,634.0700073242188,2957.47998046875,5402.39990234375,3912.72998046875,5957.43994140625,21517.0,10494.7099609375,4790.2001953125,5178.39990234375,19.469999313354492,13289.791015625
2009-12-08 00:00:00,1102.469970703125,10452.0,1807.3599853515625,610.5700073242188,2871.219970703125,5196.7998046875,3794.43994140625,5831.2099609375,21175.880859375,10142.0498046875,4650.7001953125,4987.7001953125,21.68000030517578,12914.8251953125
2009-12-01 00:00:00,1106.4100341796875,10285.9697265625,1792.06005859375,600.3699951171875,2862.320068359375,5261.60009765625,3803.719970703125,5756.2900390625,21902.109375,10107.8701171875,4636.2998046875,5117.2998046875,21.59000015258789,13875.71484375
2009-11-24 00:00:00,1105.97998046875,10471.580078125,1791.9100341796875,602.7899780273438,2910.330078125,5322.39990234375,3846.6201171875,5817.64990234375,22498.150390625,10022.58984375,4705.7998046875,5108.89990234375,21.25,13884.7744140625
2009-11-17 00:00:00,1091.489990234375,10433.7099609375,1765.4599609375,577.2100219726562,2831.139892578125,5245.7001953125,3721.449951171875,5685.60986328125,21134.5,9081.51953125,4574.39990234375,4941.75,24.739999771118164,12876.005859375
2009-11-10 00:00:00,1091.3800048828125,10437.419921875,1764.3900146484375,584.6799926757812,2833.06005859375,5251.39990234375,3729.360107421875,5663.14990234375,22455.83984375,9497.6796875,4688.10009765625,5052.4501953125,22.190000534057617,13694.9970703125
2009-11-03 00:00:00,1093.47998046875,10246.9697265625,1788.6099853515625,586.280029296875,2883.0400390625,5296.39990234375,3806.010009765625,5686.830078125,22553.630859375,9770.3095703125,4709.2001953125,4998.9501953125,23.360000610351562,13264.251953125
2009-10-27 00:00:00,1069.300048828125,9771.91015625,1730.760009765625,580.3499755859375,2794.25,5142.7001953125,3707.2900390625,5488.25,21829.720703125,9789.349609375,4595.89990234375,4796.14990234375,24.190000534057617,12987.0546875
2009-10-20 00:00:00,1036.18994140625,9882.169921875,1667.1300048828125,562.77001953125,2743.5,5044.60009765625,3607.68994140625,5414.9599609375,21752.869140625,10034.740234375,4645.60009765625,4711.7001953125,30.690000534057617,12297.021484375
2009-10-13 00:00:00,1079.5999755859375,10041.48046875,1753.6300048828125,600.8599853515625,2886.080078125,5242.60009765625,3808.239990234375,5740.25,22589.73046875,10282.990234375,4862.10009765625,4997.0498046875,22.270000457763672,12843.0654296875
2009-10-06 00:00:00,1087.6800537109375,9871.0595703125,1739.3199462890625,616.1799926757812,2893.530029296875,5190.2001953125,3827.60009765625,5743.39013671875,21929.900390625,10257.5595703125,4838.7001953125,5142.14990234375,21.43000030517578,12033.2353515625
2009-09-29 00:00:00,1071.489990234375,9731.25,1727.760009765625,614.9199829101562,2882.179931640625,5161.89990234375,3799.610107421875,5711.8798828125,21499.439453125,10016.3896484375,4755.89990234375,4945.2001953125,23.1200008392334,11801.09765625
2009-09-22 00:00:00,1025.2099609375,9742.2001953125,1662.489990234375,580.2000122070312,2760.60009765625,4988.7001953125,3649.89990234375,5467.89990234375,20375.490234375,9731.8701171875,4603.5,5083.39990234375,28.68000030517578,11206.724609375
2009-09-15 00:00:00,1044.3800048828125,9829.8701171875,1694.1500244140625,598.9400024414062,2831.949951171875,5082.2001953125,3739.139892578125,5581.41015625,21024.400390625,10265.98046875,4715.39990234375,4958.9501953125,25.610000610351562,11384.0322265625
2009-09-08 00:00:00,1068.300048828125,9683.41015625,1725.239990234375,617.8800048828125,2887.239990234375,5172.89990234375,3827.840087890625,5703.830078125,21623.44921875,10370.5400390625,4694.60009765625,4976.0498046875,23.920000076293945,11977.2666015625
2009-09-01 00:00:00,1042.72998046875,9497.33984375,1685.4599609375,593.5900268554688,2831.3701171875,5011.5,3734.889892578125,5624.02001953125,21161.419921875,10444.330078125,4597.5,4829.5498046875,24.149999618530273,12096.1240234375
2009-08-25 00:00:00,1016.4000244140625,9310.599609375,1638.0699462890625,570.5,2743.340087890625,4851.7001953125,3598.760009765625,5384.43017578125,20318.619140625,10187.1103515625,4437.60009765625,4680.39990234375,25.260000228881836,11519.55078125
2009-08-18 00:00:00,1028.9300537109375,9539.2900390625,1643.239990234375,579.8599853515625,2803.64990234375,4908.89990234375,3693.139892578125,5517.35009765625,20098.619140625,10534.1396484375,4490.7998046875,4732.35009765625,24.760000228881836,11449.9521484375
2009-08-11 00:00:00,1026.1300048828125,9217.9404296875,1637.780029296875,581.510009765625,2745.6201171875,4850.89990234375,3615.81005859375,5462.740234375,20199.01953125,10238.2001953125,4291.7998046875,4528.7998046875,25.010000228881836,11891.8857421875
2009-08-04 00:00:00,1004.0900268554688,9241.4501953125,1611.5799560546875,563.9000244140625,2669.409912109375,4714.0,3495.27001953125,5309.10986328125,20893.330078125,10597.330078125,4462.2998046875,4580.0498046875,24.270000457763672,12499.6103515625
2009-07-28 00:00:00,1010.47998046875,9320.1904296875,1619.489990234375,572.4000244140625,2706.219970703125,4731.60009765625,3521.139892578125,5458.9599609375,20375.369140625,10412.08984375,4300.5,4481.39990234375,24.760000228881836,12975.1142578125
2009-07-21 00:00:00,987.47998046875,9096.7197265625,1603.3599853515625,556.7100219726562,2638.1298828125,4608.39990234375,3426.27001953125,5332.14013671875,20573.330078125,10356.830078125,4244.89990234375,4636.4501953125,25.920000076293945,13670.56640625
2009-07-14 00:00:00,979.260009765625,8915.9404296875,1599.06005859375,548.4600219726562,2582.760009765625,4576.60009765625,3366.449951171875,5229.35986328125,19982.7890625,9944.5498046875,4090.5,4568.5498046875,23.09000015258789,13531.5673828125
2009-07-07 00:00:00,940.3800048828125,8359.490234375,1527.260009765625,519.219970703125,2469.199951171875,4388.7998046875,3218.4599609375,4978.39990234375,18805.66015625,9395.3203125,4002.10009765625,4374.9501953125,24.34000015258789,13131.822265625
2009-06-30 00:00:00,879.1300048828125,8163.60009765625,1419.8399658203125,480.9800109863281,2281.469970703125,4127.2001953125,2983.10009765625,4576.31005859375,17708.419921875,9287.2802734375,3795.10009765625,4003.89990234375,29.020000457763672,12705.8671875
2009-06-23 00:00:00,896.4199829101562,8447.0,1446.280029296875,497.2099914550781,2376.47998046875,4236.2998046875,3119.510009765625,4708.2099609375,18203.400390625,9816.0703125,3829.60009765625,4424.25,27.950000762939453,12258.6533203125
2009-06-16 00:00:00,918.9000244140625,8322.91015625,1480.199951171875,513.219970703125,2389.909912109375,4241.0,3129.72998046875,4776.47021484375,18600.259765625,9877.3896484375,3905.39990234375,4375.5,25.93000030517578,11413.0419921875
2009-06-09 00:00:00,921.22998046875,8504.669921875,1471.22998046875,512.719970703125,2434.77001953125,4345.89990234375,3221.27001953125,4839.4599609375,17920.9296875,9786.259765625,3901.5,4313.60009765625,27.989999771118164,11242.1640625
2009-06-02 00:00:00,946.2100219726562,8763.0595703125,1489.969970703125,526.8300170898438,2509.219970703125,4442.0,3326.139892578125,5069.240234375,18889.6796875,10135.8203125,4062.89990234375,4583.39990234375,28.149999618530273,10524.0126953125
2009-05-26 00:00:00,940.0900268554688,8740.8701171875,1493.2099609375,530.3599853515625,2503.169921875,4438.60009765625,3339.050048828125,5077.02978515625,18679.529296875,9768.009765625,3971.10009765625,4586.89990234375,29.6200008392334,10666.9912109375
2009-05-19 00:00:00,919.1400146484375,8473.490234375,1435.5699462890625,501.5799865722656,2451.239990234375,4417.89990234375,3277.64990234375,4940.81982421875,18171.0,9522.5,3817.10009765625,4448.9501953125,28.920000076293945,10127.806640625
2009-05-12 00:00:00,887.0,8474.849609375,1363.1700439453125,477.6199951171875,2433.52001953125,4365.2998046875,3227.969970703125,4918.75,17062.51953125,9225.8095703125,3763.0,4238.5,32.630001068115234,10072.5166015625
2009-05-05 00:00:00,882.8800048828125,8469.1103515625,1355.1099853515625,475.8399963378906,2364.10009765625,4348.10009765625,3169.050048828125,4737.5,16790.69921875,9265.01953125,3773.300048828125,3671.64990234375,33.119998931884766,10273.1162109375
2009-04-28 00:00:00,929.22998046875,8410.650390625,1394.1600341796875,511.82000732421875,2462.389892578125,4462.10009765625,3312.590087890625,4913.89990234375,17389.869140625,9432.830078125,3941.39990234375,3620.699951171875,32.04999923706055,10182.9453125
2009-04-21 00:00:00,877.52001953125,8016.9501953125,1396.6199951171875,486.9800109863281,2375.340087890625,4243.2001953125,3159.85009765625,4769.4501953125,15520.990234375,8977.3701171875,3770.699951171875,3473.949951171875,35.29999923706055,9502.4130859375
2009-04-14 00:00:00,866.22998046875,7969.56005859375,1373.280029296875,478.739990234375,2319.889892578125,4156.0,3102.85009765625,4674.31982421875,15258.849609375,8707.990234375,3714.199951171875,3480.75,36.81999969482422,9315.10546875
2009-04-07 00:00:00,869.5999755859375,7920.18017578125,1353.9200439453125,479.3699951171875,2341.14990234375,4092.800048828125,3091.9599609375,4676.83984375,15601.26953125,8907.580078125,3777.89990234375,3384.39990234375,33.939998626708984,9579.9521484375
2009-03-31 00:00:00,856.5599975585938,7789.56005859375,1340.280029296875,468.20001220703125,2247.889892578125,3983.699951171875,2974.179931640625,4491.1201171875,14901.41015625,8964.1103515625,3673.60009765625,3342.050048828125,36.529998779296875,9345.3349609375
2009-03-24 00:00:00,842.5,7608.919921875,1316.1600341796875,456.1300048828125,2198.75,4029.699951171875,2958.739990234375,4384.990234375,14545.6904296875,8749.83984375,3737.800048828125,3211.050048828125,39.70000076293945,9244.556640625
2009-03-17 00:00:00,815.9400024414062,7659.97021484375,1251.469970703125,429.0,2118.760009765625,3898.89990234375,2840.6201171875,4203.5498046875,14119.5,8626.9697265625,3674.10009765625,3108.64990234375,41.040000915527344,8994.0498046875
2009-03-10 00:00:00,768.5399780273438,7395.7001953125,1187.1800537109375,400.1099853515625,2050.9599609375,3842.89990234375,2791.139892578125,4068.739990234375,12833.509765625,7945.9599609375,3468.0,2807.050048828125,45.88999938964844,8647.4130859375
2009-03-03 00:00:00,756.5499877929688,6926.490234375,1168.52001953125,393.0899963378906,1969.52001953125,3753.699951171875,2705.6298828125,3953.60009765625,12525.7998046875,7569.27978515625,3345.199951171875,2719.25,42.36000061035156,7875.65234375
2009-02-24 00:00:00,683.3800048828125,6726.02001953125,1064.699951171875,351.04998779296875,1817.239990234375,3530.699951171875,2534.449951171875,3666.409912109375,11921.51953125,7173.10009765625,3145.10009765625,2620.14990234375,49.33000183105469,8249.7978515625
2009-02-17 00:00:00,735.0900268554688,7350.93994140625,1116.989990234375,389.0199890136719,1976.22998046875,3830.10009765625,2702.47998046875,3843.739990234375,12811.5703125,7568.419921875,3343.89990234375,2763.64990234375,46.349998474121094,7608.13525390625
2009-02-10 00:00:00,770.0499877929688,7552.60009765625,1172.7099609375,410.9599914550781,2011.6800537109375,3889.10009765625,2750.550048828125,4014.659912109375,12699.169921875,7416.3798828125,3401.800048828125,2736.449951171875,49.29999923706055,8423.6748046875
2009-02-03 00:00:00,826.8400268554688,7888.8798828125,1236.8499755859375,448.3599853515625,2228.2900390625,4189.60009765625,2997.860107421875,4413.39013671875,13554.669921875,7779.39990234375,3558.60009765625,2948.35009765625,42.93000030517578,8628.6533203125
2009-01-27 00:00:00,868.5999755859375,8078.35986328125,1277.489990234375,470.70001220703125,2343.659912109375,4291.89990234375,3122.7900390625,4644.6298828125,13655.0400390625,8076.6201171875,3469.5,2843.10009765625,43.369998931884766,7771.8125
2009-01-20 00:00:00,825.8800048828125,8174.72998046875,1180.25,443.5299987792969,2236.97998046875,4149.60009765625,2973.919921875,4338.35009765625,13278.2099609375,7994.0498046875,3539.300048828125,2874.800048828125,44.84000015258789,
2009-01-13 00:00:00,831.9500122070312,7949.08984375,1175.8900146484375,444.3599853515625,2147.8701171875,4052.5,2849.139892578125,4178.93994140625,12578.599609375,7745.25,3340.89990234375,2678.550048828125,47.27000045776367,7015.16162109375
2009-01-06 00:00:00,850.1199951171875,8448.5595703125,1198.1400146484375,466.45001220703125,2281.449951171875,4147.10009765625,3016.75,4366.27978515625,13255.509765625,8230.150390625,3549.60009765625,2828.449951171875,46.11000061035156,6917.40234375
2008-12-30 00:00:00,890.3499755859375,9015.099609375,1223.010009765625,481.29998779296875,2486.590087890625,4448.5,3299.5,4783.89013671875,14377.4404296875,8836.7998046875,3735.199951171875,2873.0,42.81999969482422,6719.8046875
2008-12-23 00:00:00,931.7999877929688,8668.3896484375,1263.699951171875,505.8399963378906,2536.469970703125,4561.7998046875,3349.68994140625,4973.06982421875,15042.8095703125,8859.5595703125,3713.699951171875,3046.75,39.189998626708984,6485.43701171875
2008-12-16 00:00:00,872.7999877929688,8419.490234375,1185.43994140625,476.7699890136719,2382.139892578125,4216.60009765625,3116.2099609375,4629.3798828125,14184.1396484375,8739.51953125,3581.39990234375,2857.25,43.380001068115234,6704.1748046875
2008-12-09 00:00:00,887.8800048828125,8924.1396484375,1217.18994140625,486.260009765625,2444.139892578125,4286.89990234375,3225.89990234375,4696.7001953125,15127.509765625,8588.51953125,3615.60009765625,3077.5,44.93000030517578,7438.74658203125
2008-12-02 00:00:00,879.72998046875,8691.330078125,1206.6500244140625,468.42999267578125,2418.909912109375,4280.39990234375,3213.60009765625,4663.3701171875,14758.3896484375,8235.8701171875,3509.300048828125,2921.35009765625,54.279998779296875,7092.63037109375
2008-11-25 00:00:00,876.0700073242188,8419.08984375,1177.8699951171875,461.0899963378906,2252.090087890625,4049.39990234375,2988.010009765625,4381.47021484375,13846.08984375,7917.509765625,3488.699951171875,2714.39990234375,59.93000030517578,7279.068359375
2008-11-18 00:00:00,896.239990234375,8479.4697265625,1185.75,473.1400146484375,2430.31005859375,4288.0,3262.679931640625,4669.43994140625,13888.240234375,8512.26953125,3744.5,2755.10009765625,55.279998779296875,6658.43505859375
2008-11-11 00:00:00,800.030029296875,8424.75,1085.5699462890625,406.5400085449219,2165.909912109375,3781.0,2881.260009765625,4127.41015625,12659.2001953125,7910.7900390625,3418.699951171875,2693.449951171875,72.66999816894531,6711.27490234375
2008-11-04 00:00:00,873.2899780273438,8693.9599609375,1179.6300048828125,456.5199890136719,2458.31005859375,4233.0,3291.469970703125,4710.240234375,13542.66015625,8462.3896484375,3750.60009765625,2810.35009765625,66.30999755859375,6660.33544921875
2008-10-28 00:00:00,930.989990234375,9625.2802734375,1271.6199951171875,505.7900085449219,2602.5400390625,4365.0,3469.1201171875,4938.4599609375,14243.4296875,8583.0,4056.5,2973.0,56.099998474121094,5753.03564453125
2008-10-21 00:00:00,968.75,9065.1201171875,1334.780029296875,537.52001953125,2591.760009765625,4377.2998046875,3487.070068359375,4987.97021484375,13968.669921875,8576.98046875,4019.699951171875,2885.60009765625,59.88999938964844,5839.2646484375
2008-10-14 00:00:00,876.77001953125,9033.66015625,1202.27001953125,471.1199951171875,2333.280029296875,3883.39990234375,3193.7900390625,4295.669921875,12618.3798828125,7649.080078125,3872.5,2584.0,79.12999725341797,6158.880859375
2008-10-07 00:00:00,940.5499877929688,9310.990234375,1311.719970703125,526.4299926757812,2532.169921875,4063.0,3329.919921875,4781.330078125,14554.2099609375,8693.8203125,3972.0,3074.35009765625,70.33000183105469,6209.4404296875
2008-09-30 00:00:00,899.219970703125,9447.1103515625,1269.800048828125,522.47998046875,2421.8701171875,3932.10009765625,3176.489990234375,4544.31005859375,14796.8701171875,8276.4296875,3961.0,3279.949951171875,69.94999694824219,6385.27880859375
2008-09-23 00:00:00,1099.22998046875,10850.66015625,1470.8399658203125,619.4000244140625,3113.820068359375,4980.2998046875,4080.75,5797.02978515625,17682.400390625,10938.1396484375,4699.10009765625,3818.300048828125,45.13999938964844,
2008-09-16 00:00:00,1213.27001953125,10854.169921875,1672.0400390625,704.7899780273438,3156.4599609375,5088.5,4163.3798828125,6063.5,18682.08984375,11893.16015625,4908.7998046875,3985.25,34.7400016784668,7559.18505859375
2008-09-09 00:00:00,1255.0799560546875,11059.01953125,1745.06005859375,753.739990234375,3253.52001953125,5311.2998046875,4324.8701171875,6189.52978515625,19327.73046875,11920.8603515625,4804.10009765625,4245.25,32.06999969482422,7153.91943359375
2008-09-02 00:00:00,1251.699951171875,11230.73046875,1767.1300048828125,720.260009765625,3278.02001953125,5416.7001953125,4332.66015625,6234.89013671875,19352.900390625,12214.759765625,4903.10009765625,4228.4501953125,25.65999984741211,6934.9921875
2008-08-26 00:00:00,1242.31005859375,11516.919921875,1768.22998046875,718.8499755859375,3185.830078125,5240.7001953125,4196.66015625,6127.43994140625,19933.279296875,12212.23046875,4877.60009765625,4352.2998046875,23.059999465942383,7264.11865234375
2008-08-19 00:00:00,1282.8299560546875,11412.8701171875,1872.5400390625,739.5,3365.6298828125,5636.60009765625,4482.60009765625,6422.2998046875,21261.890625,13072.8701171875,5139.2001953125,4360.0,20.649999618530273,8004.15087890625
2008-08-12 00:00:00,1292.199951171875,11348.5498046875,1931.469970703125,737.5999755859375,3312.409912109375,5505.60009765625,4400.4501953125,6342.419921875,20392.060546875,12666.0400390625,4935.7998046875,4327.4501953125,18.809999465942383,8101.58935546875
2008-08-05 00:00:00,1298.199951171875,11642.4697265625,1957.56005859375,753.3699951171875,3367.6201171875,5454.7998046875,4453.6201171875,6446.02001953125,21160.580078125,13019.41015625,4986.2001953125,4430.7001953125,19.579999923706055,8233.318359375
2008-07-29 00:00:00,1296.3199462890625,11615.76953125,1926.22998046875,734.2999877929688,3408.47998046875,5489.2001953125,4491.85009765625,6561.64990234375,21885.2109375,13168.41015625,4991.10009765625,4529.5,20.65999984741211,8658.68359375
2008-07-22 00:00:00,1260.31005859375,11397.5595703125,1826.56005859375,716.1599731445312,3316.610107421875,5354.7001953125,4314.33984375,6396.4599609375,22862.599609375,13094.58984375,4910.2001953125,4413.5498046875,22.56999969482422,9556.8037109375
2008-07-15 00:00:00,1257.760009765625,11602.5,1846.550048828125,710.3400268554688,3351.1298828125,5352.60009765625,4377.18017578125,6436.7099609375,22740.7109375,13334.759765625,4978.2001953125,4311.85009765625,22.90999984741211,9923.048828125
2008-07-08 00:00:00,1260.6800537109375,10962.5400390625,1823.22998046875,693.0800170898438,3321.530029296875,5376.39990234375,4299.35986328125,6382.64990234375,21874.189453125,12803.7001953125,4848.39990234375,4092.25,24.049999237060547,9588.29296875
2008-07-01 00:00:00,1239.489990234375,11384.2099609375,1810.8800048828125,674.9500122070312,3197.780029296875,5261.60009765625,4100.64013671875,6153.2998046875,22184.55078125,13039.6904296875,4988.60009765625,4049.0,27.489999771118164,10031.267578125
2008-06-24 00:00:00,1262.9000244140625,11382.259765625,1816.3499755859375,665.780029296875,3330.89990234375,5412.7998046875,4266.0,6272.2099609375,21423.8203125,13237.8896484375,5091.39990234375,4016.0,24.780000686645508,9400.6142578125
2008-06-17 00:00:00,1278.3800048828125,11807.4296875,1855.719970703125,698.1400146484375,3340.27001953125,5530.0,4397.31982421875,6421.91015625,22042.349609375,13544.3603515625,5245.60009765625,4136.64990234375,23.440000534057617,9436.1044921875
2008-06-10 00:00:00,1317.9300537109375,12160.2998046875,1928.3900146484375,725.72998046875,3426.580078125,5620.7998046875,4509.27001953125,6578.43994140625,22745.599609375,13942.080078125,5295.89990234375,4347.5498046875,22.8700008392334,9373.5849609375
2008-06-03 00:00:00,1360.030029296875,12289.759765625,1966.010009765625,733.6099853515625,3562.669921875,5802.7998046875,4682.2998046875,6765.31982421875,22592.30078125,13973.73046875,5384.7001953125,4517.10009765625,21.219999313354492,9936.619140625
2008-05-27 00:00:00,1360.6800537109375,12402.849609375,1990.3900146484375,740.3699951171875,3596.699951171875,5906.7998046875,4795.31982421875,6803.81005859375,24402.1796875,14489.4404296875,5600.10009765625,4627.7998046875,23.559999465942383,11733.8388671875
2008-05-20 00:00:00,1400.3800048828125,12548.349609375,2032.5699462890625,748.280029296875,3777.85009765625,6053.5,5014.27978515625,7096.7900390625,24533.119140625,14338.5400390625,5662.2998046875,4870.10009765625,17.829999923706055,12048.1044921875
2008-05-13 00:00:00,1375.9300537109375,12828.6796875,1958.9599609375,724.0999755859375,3725.820068359375,6087.2998046875,4933.77001953125,6944.0498046875,24714.0703125,14012.2001953125,5776.60009765625,4946.5498046875,19.549999237060547,12216.2529296875
2008-05-06 00:00:00,1425.3499755859375,12832.1796875,2031.27001953125,741.1699829101562,3862.909912109375,6304.2998046875,5078.0400390625,7156.5498046875,25618.859375,14219.48046875,5939.2998046875,5157.7001953125,16.469999313354492,13314.23046875
2008-04-29 00:00:00,1388.280029296875,13020.830078125,1960.2900390625,720.0499877929688,3801.590087890625,6204.7001953125,4960.56005859375,7003.169921875,25063.169921875,13655.33984375,5779.10009765625,4982.60009765625,19.40999984741211,13080.2236328125
2008-04-22 00:00:00,1413.9000244140625,12831.9404296875,1981.8699951171875,725.739990234375,3877.5,6215.5,5069.7099609375,7043.22998046875,26241.01953125,14049.259765625,5706.5,5228.2001953125,18.18000030517578,13504.73828125
2008-04-15 00:00:00,1397.8399658203125,12720.23046875,1918.5799560546875,721.8800048828125,3794.389892578125,6091.39990234375,4978.2099609375,6896.580078125,25516.779296875,13863.4697265625,5593.60009765625,5111.7001953125,19.59000015258789,13104.802734375
2008-04-08 00:00:00,1390.3299560546875,12362.4697265625,1900.280029296875,721.0700073242188,3808.590087890625,6056.60009765625,4961.68994140625,6843.080078125,24197.779296875,13476.4501953125,5433.2998046875,4958.39990234375,20.1299991607666,11291.9140625
2008-04-01 00:00:00,1332.8299560546875,12576.4404296875,1798.719970703125,688.1599731445312,3699.989990234375,5895.5,4797.93017578125,6603.56982421875,24667.7890625,13323.73046875,5441.2001953125,4777.7998046875,23.459999084472656,13327.9609375
2008-03-25 00:00:00,1370.4000244140625,12654.3603515625,1865.8699951171875,713.72998046875,3795.199951171875,5947.10009765625,4900.8798828125,6763.39013671875,24264.630859375,13293.2197265625,5621.0,4647.0,22.450000762939453,12652.7685546875
2008-03-18 00:00:00,1315.219970703125,12532.599609375,1767.5699462890625,683.1799926757812,3641.050048828125,5692.89990234375,4695.919921875,6559.89990234375,23285.94921875,12820.4697265625,5352.60009765625,4942.0,25.709999084472656,13692.6962890625
2008-03-11 00:00:00,1329.510009765625,12392.66015625,1751.989990234375,681.4199829101562,3529.5400390625,5495.2001953125,4533.72021484375,6319.990234375,21108.220703125,12482.5703125,5128.39990234375,4573.9501953125,26.6200008392334,13718.806640625
2008-03-04 00:00:00,1288.1400146484375,12156.8095703125,1713.8299560546875,662.9000244140625,3566.590087890625,5631.7001953125,4592.14990234375,6451.89990234375,22237.109375,12241.599609375,5208.60009765625,4745.7998046875,31.15999984741211,13817.4951171875
2008-02-26 00:00:00,1293.3699951171875,12213.7998046875,1707.5,660.1099853515625,3576.679931640625,5699.89990234375,4618.9599609375,6513.990234375,22501.330078125,12782.7998046875,5266.60009765625,4771.60009765625,27.489999771118164,15560.6748046875
2008-02-19 00:00:00,1330.6300048828125,12684.919921875,1745.27001953125,686.1799926757812,3724.5,5884.2998046875,4790.66015625,6748.1298828125,24331.669921875,13603.01953125,5576.5,5223.5,26.540000915527344,15823.7021484375
2008-02-12 00:00:00,1353.1099853515625,12337.2197265625,1773.43994140625,695.4299926757812,3737.110107421875,5888.5,4824.5498046875,6806.2900390625,23305.0390625,13500.4599609375,5563.2998046875,5110.75,24.059999465942383,16179.3388671875
2008-02-05 00:00:00,1349.989990234375,12373.41015625,1780.3800048828125,701.52001953125,3719.280029296875,5787.60009765625,4771.7900390625,6832.43017578125,24148.4296875,13622.5595703125,5609.2001953125,5302.89990234375,25.020000457763672,16496.046875
2008-01-29 00:00:00,1331.2900390625,12265.1298828125,1773.739990234375,698.9000244140625,3701.169921875,5784.0,4709.64990234375,6767.27978515625,23469.4609375,13017.240234375,5660.2998046875,5120.35009765625,28.010000228881836,16859.451171875
2008-01-22 00:00:00,1395.4200439453125,12480.2998046875,1855.27001953125,730.5,3867.469970703125,6029.2001953125,4978.06005859375,6968.669921875,24123.580078125,13497.16015625,5846.5,5317.25,24.020000457763672,15776.693359375
2008-01-15 00:00:00,1330.6099853515625,11971.1904296875,1789.1700439453125,688.5999755859375,3777.06005859375,5869.0,4878.1201171875,6816.740234375,25122.369140625,13629.16015625,5862.89990234375,5383.35009765625,29.079999923706055,17293.81640625
2008-01-08 00:00:00,1325.18994140625,12501.1103515625,1844.0899658203125,673.1799926757812,3995.169921875,5901.7001953125,5092.39990234375,7314.169921875,25201.869140625,13861.2900390625,5749.60009765625,5705.2998046875,27.18000030517578,18131.17578125
2008-01-01 00:00:00,1401.02001953125,12589.0703125,1912.81005859375,704.6500244140625,4225.31005859375,6202.0,5371.41015625,7717.9501953125,26867.009765625,14110.7900390625,5987.39990234375,6200.10009765625,23.68000030517578,19016.376953125
2007-12-25 00:00:00,1411.6300048828125,13264.8203125,1963.52001953125,721.5999755859375,4270.52978515625,6348.5,5446.7900390625,7808.68994140625,27519.689453125,14691.41015625,6312.2001953125,6274.2998046875,23.940000534057617,18122.20703125
2007-12-18 00:00:00,1478.489990234375,13550.0400390625,2107.050048828125,771.760009765625,4404.64013671875,6476.89990234375,5627.25,8067.31982421875,27370.599609375,15307.7802734375,6343.2998046875,6079.7001953125,20.739999771118164,17700.419921875
2007-12-11 00:00:00,1484.4599609375,13232.4697265625,2111.77001953125,785.5999755859375,4384.5498046875,6434.10009765625,5602.77001953125,8002.669921875,27626.919921875,15257.0,6249.89990234375,5766.5,18.469999313354492,16808.490234375
2007-12-04 00:00:00,1467.949951171875,13432.76953125,2072.110107421875,753.9299926757812,4384.64990234375,6397.0,5605.35986328125,7948.35986328125,27563.640625,15514.509765625,6497.10009765625,6047.7001953125,23.270000457763672,16483.31640625
2007-11-27 00:00:00,1504.6600341796875,13248.73046875,2130.0,785.52001953125,4446.33984375,6554.89990234375,5718.75,7994.06982421875,28842.470703125,15956.3701171875,6660.39990234375,5974.2998046875,20.850000381469727,16750.232421875
2007-11-20 00:00:00,1481.1400146484375,12958.4404296875,2089.10009765625,767.77001953125,4394.9501953125,6432.5,5670.56982421875,7870.52001953125,28643.609375,15680.669921875,6539.7998046875,5762.75,22.8700008392334,15637.4853515625
2007-11-13 00:00:00,1440.699951171875,13010.1396484375,2028.9000244140625,755.030029296875,4268.52978515625,6262.10009765625,5521.169921875,7608.9599609375,26541.08984375,14888.76953125,6336.2001953125,5608.60009765625,25.610000610351562,16217.328125
2007-11-06 00:00:00,1458.739990234375,13307.08984375,2048.6201171875,769.5,4282.39990234375,6291.2001953125,5523.6298828125,7612.259765625,27614.4296875,15154.6103515625,6468.2001953125,5906.85009765625,25.489999771118164,16728.072265625
2007-10-30 00:00:00,1453.699951171875,13660.9404296875,2034.300048828125,772.3800048828125,4297.830078125,6304.89990234375,5524.18017578125,7812.39990234375,28783.41015625,15583.419921875,6553.60009765625,5663.25,28.5,17159.92578125
2007-10-23 00:00:00,1509.6500244140625,13792.4697265625,2213.860107421875,797.780029296875,4410.080078125,6530.60009765625,5720.419921875,7849.490234375,30468.33984375,16517.48046875,6703.7998046875,5932.39990234375,23.010000228881836,18564.1328125
2007-10-16 00:00:00,1535.280029296875,13676.23046875,2194.590087890625,821.3900146484375,4440.22998046875,6661.2998046875,5794.8701171875,7949.169921875,30405.220703125,16505.630859375,6706.60009765625,5702.2998046875,19.559999465942383,18506.3125
2007-10-09 00:00:00,1500.6300048828125,13912.9404296875,2131.080078125,798.7899780273438,4411.259765625,6527.89990234375,5740.47998046875,7884.1201171875,29465.05078125,16814.369140625,6712.2001953125,5215.2998046875,22.959999084472656,18834.58984375
2007-10-02 00:00:00,1561.800048828125,14164.5302734375,2177.989990234375,841.1699829101562,4476.02001953125,6730.7001953125,5843.9501953125,8041.259765625,28838.369140625,17331.169921875,6753.2998046875,5428.25,17.729999542236328,19134.984375
2007-09-25 00:00:00,1557.5899658203125,14047.3095703125,2149.669921875,844.8800048828125,4455.31005859375,6595.7998046875,5843.240234375,8002.18017578125,27831.51953125,17065.0390625,6609.2998046875,5185.85009765625,16.90999984741211,
2007-09-18 00:00:00,1526.75,13778.650390625,2091.110107421875,805.4500122070312,4381.7099609375,6466.7998046875,5715.68994140625,7861.509765625,27142.470703125,16785.689453125,6570.39990234375,5021.35009765625,18.0,18864.33984375
2007-09-11 00:00:00,1525.75,13739.3896484375,2049.47998046875,813.1099853515625,4370.35009765625,6456.7001953125,5700.64990234375,7794.43017578125,25843.779296875,16312.6103515625,6359.7001953125,4837.5498046875,19.0,18228.365234375
2007-09-04 00:00:00,1484.25,13308.3896484375,2000.8199462890625,783.489990234375,4221.33984375,6289.2998046875,5538.919921875,7497.740234375,24898.109375,16127.419921875,6307.39990234375,,24.920000076293945,18213.505859375
2007-08-28 00:00:00,1453.550048828125,13448.8603515625,1958.3499755859375,775.7899780273438,4162.419921875,6191.2001953125,5430.10009765625,7436.6298828125,23982.609375,16122.16015625,6278.2998046875,,26.229999542236328,17673.900390625
2007-08-21 00:00:00,1473.989990234375,13041.849609375,1988.72998046875,792.8599853515625,4294.56005859375,6303.2998046875,5662.7001953125,7638.169921875,23984.140625,16569.08984375,6247.39990234375,,23.3799991607666,17871.908203125
2007-08-14 00:00:00,1479.3699951171875,13090.8603515625,1961.3800048828125,798.9299926757812,4238.6298828125,6220.10009765625,5569.3798828125,7507.27001953125,22921.890625,16248.9697265625,6088.0,,20.719999313354492,17864.478515625
2007-08-07 00:00:00,1445.93994140625,13028.919921875,1888.780029296875,786.030029296875,4157.2001953125,6064.2001953125,5363.6298828125,7378.2900390625,20387.130859375,15273.6796875,5668.2998046875,,29.989999771118164,15688.82421875
2007-07-31 00:00:00,1453.6400146484375,13504.2998046875,1925.1400146484375,788.780029296875,4161.2900390625,6038.2998046875,5448.6298828125,7343.259765625,21792.7109375,16764.08984375,5936.10009765625,,28.299999237060547,16323.2568359375
2007-07-24 00:00:00,1433.06005859375,13211.990234375,1918.56005859375,755.4199829101562,4229.18994140625,6224.2998046875,5597.89013671875,7435.669921875,22538.439453125,16979.859375,6020.39990234375,,25.15999984741211,16179.458984375
2007-07-17 00:00:00,1458.949951171875,13716.9501953125,1956.18994140625,777.8300170898438,4244.580078125,6215.2001953125,5643.9599609375,7451.68017578125,22570.41015625,17283.810546875,6083.5,,24.170000076293945,14613.935546875
2007-07-10 00:00:00,1534.0999755859375,13971.5498046875,2035.8800048828125,836.4400024414062,4445.22998046875,6585.2001953125,5957.16015625,7874.85009765625,23291.900390625,18157.9296875,6423.2998046875,,16.950000762939453,13417.8095703125
2007-07-03 00:00:00,1552.5,13501.7001953125,2032.1600341796875,855.77001953125,4542.56982421875,6716.7001953125,6117.9599609375,8092.77001953125,23099.2890625,18238.94921875,6391.0,,15.149999618530273,12816.2763671875
2007-06-26 00:00:00,1530.43994140625,13577.2998046875,1988.31005859375,852.3099975585938,4524.4501953125,6690.10009765625,6102.68994140625,8048.31982421875,22531.740234375,18140.939453125,6352.2998046875,,14.720000267028809,12395.2109375
2007-06-19 00:00:00,1503.3499755859375,13337.66015625,1934.0999755859375,833.7000122070312,4489.77001953125,6607.89990234375,6054.93017578125,8007.31982421875,21772.73046875,18138.359375,6276.2001953125,,16.229999542236328,12546.3095703125
2007-06-12 00:00:00,1502.56005859375,13635.419921875,1921.93994140625,834.75,4479.35986328125,6567.39990234375,6023.25,7949.6298828125,21999.91015625,18188.630859375,6383.2998046875,,15.75,13725.56640625
2007-06-05 00:00:00,1532.9100341796875,13295.009765625,1942.4100341796875,848.1900024414062,4551.0,6732.39990234375,6105.27978515625,8030.64013671875,21017.05078125,17971.490234375,6293.7998046875,,13.9399995803833,13697.0068359375
2007-05-29 00:00:00,1507.6700439453125,13595.4599609375,1906.260009765625,835.3099975585938,4376.419921875,6505.10009765625,5883.2900390625,7590.5,20509.150390625,17779.08984375,,,14.84000015258789,12850.5458984375
2007-05-22 00:00:00,1536.3399658203125,13521.33984375,1928.260009765625,853.4500122070312,4556.97021484375,6676.7001953125,6168.14990234375,7987.85009765625,20602.869140625,17958.880859375,,,12.779999732971191,12432.55078125
2007-05-15 00:00:00,1515.72998046875,13539.9501953125,1889.25,829.9299926757812,4463.52001953125,6570.60009765625,6057.490234375,7739.2001953125,20520.66015625,17481.2109375,,,13.34000015258789,12681.30859375
2007-05-08 00:00:00,1522.75,13383.83984375,1896.9300537109375,823.6599731445312,4480.81005859375,6640.89990234375,6101.14013671875,7607.5400390625,20904.83984375,17399.580078125,,,12.760000228881836,12099.9638671875
2007-05-01 00:00:00,1505.8499755859375,13309.0703125,1898.7900390625,829.5399780273438,4423.06982421875,6565.7001953125,6050.6298828125,7479.33984375,20468.2109375,17553.720703125,,,12.949999809265137,11489.80078125
2007-04-24 00:00:00,1505.6199951171875,13136.1396484375,1895.699951171875,832.8800048828125,4445.58984375,6603.7001953125,6068.830078125,7516.759765625,20841.080078125,17394.919921875,,,12.90999984741211,10865.7578125
2007-04-17 00:00:00,1494.0699462890625,12953.9404296875,1891.06005859375,829.7000122070312,4383.1298828125,6418.7001953125,5930.77001953125,7378.1201171875,20526.5,17400.41015625,,,12.449999809265137,10688.4296875
2007-04-10 00:00:00,1484.3499755859375,12773.0400390625,1845.8900146484375,828.8599853515625,4416.7900390625,6486.7998046875,5938.89990234375,7342.5400390625,20566.58984375,17452.619140625,,,12.069999694824219,10258.525390625
2007-04-03 00:00:00,1452.8499755859375,12573.849609375,1816.8499755859375,819.3800048828125,4317.35009765625,6462.39990234375,5789.33984375,7212.06982421875,20340.970703125,17363.94921875,,,12.199999809265137,10019.8076171875
2007-03-27 00:00:00,1443.760009765625,12510.2998046875,1812.93994140625,813.3499755859375,4271.5400390625,6397.2998046875,5741.3798828125,7099.91015625,20209.7109375,17484.779296875,,,13.229999542236328,9268.126953125
2007-03-20 00:00:00,1420.8599853515625,12397.2900390625,1772.3599853515625,800.7100219726562,4181.02978515625,6308.0,5634.16015625,6917.02978515625,19800.9296875,17287.650390625,,,14.640000343322754,8549.1044921875
2007-03-13 00:00:00,1436.1099853515625,12288.099609375,1794.0400390625,809.510009765625,,6339.39990234375,5634.75,6899.06005859375,19692.640625,17480.609375,,,12.949999809265137,8489.765625
2007-03-06 00:00:00,1386.949951171875,12075.9599609375,1742.22998046875,778.77001953125,,6130.60009765625,5382.16015625,6579.8701171875,18953.5,16744.150390625,,,16.790000915527344,8147.228515625
2007-02-27 00:00:00,1402.8399658203125,12207.58984375,1744.739990234375,785.1199951171875,,6245.2001953125,5537.83984375,6716.52001953125,19134.880859375,17164.0390625,,,14.09000015258789,8146.3486328125
2007-02-20 00:00:00,1387.1700439453125,12216.240234375,1726.030029296875,775.4400024414062,,6116.2001953125,5424.7001953125,6603.31982421875,19442.009765625,17217.9296875,,,18.610000610351562,7923.2412109375
2007-02-13 00:00:00,1451.18994140625,12786.6396484375,1839.77001953125,826.6400146484375,,6401.5,5716.3798828125,6992.580078125,20711.650390625,18188.419921875,,,10.579999923706055,
2007-02-06 00:00:00,1455.5400390625,12654.849609375,1821.489990234375,818.1500244140625,,6419.5,5713.58984375,6957.06982421875,20567.91015625,17875.650390625,,,10.020000457763672,8572.1728515625
2007-01-30 00:00:00,1438.06005859375,12666.3095703125,1785.530029296875,807.1099853515625,,6382.7998046875,5692.4501953125,6911.10986328125,20677.66015625,17504.330078125,,,11.100000381469727,7627.8544921875
2007-01-23 00:00:00,1448.3900146484375,12523.3095703125,1798.1300048828125,809.4199829101562,,6310.89990234375,5677.2998046875,6885.759765625,20563.6796875,17547.109375,,,10.079999923706055,7347.94775390625
2007-01-16 00:00:00,1422.1800537109375,12533.7998046875,1772.969970703125,788.1400146484375,,6228.0,5582.2998046875,6690.33984375,20281.130859375,17421.9296875,,,11.130000114440918,8223.2080078125
2007-01-09 00:00:00,1430.5,12582.58984375,1796.81005859375,785.1599731445312,,6237.2001953125,5614.7001953125,6747.169921875,20327.720703125,17310.439453125,,,10.399999618530273,8065.2197265625
2007-01-02 00:00:00,1430.72998046875,12416.599609375,1844.81005859375,794.260009765625,,6239.0,5617.6201171875,6705.169921875,19613.41015625,17057.009765625,,,10.149999618530273,7186.939453125
2006-12-26 00:00:00,1409.7099609375,12463.150390625,1785.300048828125,775.8699951171875,,6220.10009765625,5517.35009765625,6593.08984375,20211.279296875,17091.58984375,,,12.140000343322754,6706.1650390625
2006-12-19 00:00:00,1418.300048828125,12407.6298828125,1756.9000244140625,787.6599731445312,,6220.7998046875,5541.759765625,6596.919921875,19964.720703125,17225.830078125,,,11.5600004196167,6647.0654296875
2006-12-12 00:00:00,1410.760009765625,12471.3203125,1748.6099853515625,780.8200073242188,,6190.0,5453.93994140625,6503.1298828125,19320.51953125,17104.9609375,,,11.359999656677246,6242.10009765625
2006-12-05 00:00:00,1427.0899658203125,12315.580078125,1808.56005859375,792.7100219726562,,6260.0,5541.6201171875,6588.830078125,19110.650390625,16914.310546875,,,10.050000190734863,6168.4208984375
2006-11-28 00:00:00,1409.8399658203125,12331.599609375,1786.2099609375,792.5599975585938,,6152.39990234375,5384.16015625,6427.41015625,18739.990234375,16417.8203125,,,12.069999694824219,5641.4169921875
2006-11-21 00:00:00,1396.7099609375,12136.4501953125,1775.1199951171875,781.1699829101562,,6021.5,5254.0498046875,6241.1298828125,18690.8203125,16321.7802734375,,,11.65999984741211,5747.99560546875
2006-11-14 00:00:00,1400.949951171875,12321.58984375,1815.530029296875,792.280029296875,,6122.10009765625,5389.4599609375,6411.9599609375,19260.30078125,15734.599609375,,,10.729999542236328,5297.0205078125
2006-11-07 00:00:00,1401.199951171875,12218.009765625,1800.6700439453125,788.469970703125,,6192.0,5439.7099609375,6412.35986328125,19182.7109375,16091.73046875,,,10.050000190734863,5067.453125
2006-10-31 00:00:00,1380.9000244140625,12156.76953125,1751.1099853515625,769.1500244140625,,6208.39990234375,5447.5,6357.77001953125,18891.140625,16112.4296875,,,10.789999961853027,4777.57666015625
2006-10-24 00:00:00,1364.300048828125,12080.73046875,1703.97998046875,752.72998046875,,6148.10009765625,5336.2998046875,6241.14990234375,18749.689453125,16350.01953125,,,11.15999984741211,4690.37744140625
2006-10-17 00:00:00,1377.3399658203125,12127.8798828125,1717.6099853515625,765.8400268554688,,6160.89990234375,5396.02978515625,6262.5400390625,18297.55078125,16669.0703125,,,10.800000190734863,4558.36865234375
2006-10-10 00:00:00,1368.5999755859375,11950.01953125,1709.5799560546875,762.1300048828125,,6155.2001953125,5375.35009765625,6202.81982421875,18113.55078125,16651.630859375,,,10.630000114440918,4448.39013671875
2006-10-03 00:00:00,1365.6199951171875,11867.169921875,1727.2099609375,762.6500244140625,,6157.2998046875,5353.22998046875,6173.68017578125,17988.859375,16536.5390625,,,10.75,4380.5009765625
2006-09-26 00:00:00,1349.5899658203125,11727.33984375,1684.8800048828125,739.8099975585938,,6001.2001953125,5282.06005859375,6085.81982421875,17903.390625,16436.060546875,,,11.5600004196167,
2006-09-19 00:00:00,1335.8499755859375,11669.3896484375,1654.1300048828125,725.5900268554688,,5960.7998046875,5250.009765625,6004.330078125,17543.05078125,16127.580078125,,,11.979999542236328,4326.7314453125
2006-09-12 00:00:00,1314.780029296875,11540.91015625,1622.3699951171875,718.6300048828125,,5822.2998046875,5141.9501953125,5883.31982421875,17600.650390625,15634.669921875,,,12.59000015258789,4269.88232421875
2006-09-05 00:00:00,1319.6600341796875,11498.08984375,1632.43994140625,729.4600219726562,,5877.0,5144.8798828125,5937.8701171875,17237.650390625,15866.9296875,,,11.760000228881836,4183.712890625
2006-08-29 00:00:00,1298.9200439453125,11469.2802734375,1574.7099609375,708.5399780273438,,5879.2998046875,5073.56982421875,5795.259765625,17145.759765625,16080.4599609375,,,13.15999984741211,4110.98388671875
2006-08-22 00:00:00,1311.010009765625,11369.9404296875,1589.469970703125,721.5599975585938,,5949.2001953125,5183.4501953125,5876.5400390625,17423.720703125,16134.25,,,11.960000038146973,4128.7041015625
2006-08-15 00:00:00,1295.0899658203125,11339.83984375,1557.699951171875,699.239990234375,,5878.60009765625,5111.1298828125,5811.47021484375,16955.44921875,15938.66015625,,,12.3100004196167,3997.495361328125
2006-08-08 00:00:00,1302.300048828125,11230.259765625,1576.4599609375,711.6799926757812,,5903.39990234375,5135.68994140625,5817.02001953125,17330.69921875,16105.98046875,,,11.640000343322754,3924.22607421875
2006-08-01 00:00:00,1266.739990234375,11173.58984375,1486.739990234375,679.0399780273438,,5820.10009765625,4985.52001953125,5628.3701171875,17249.94921875,15565.01953125,,,14.300000190734863,3909.6162109375
2006-07-25 00:00:00,1279.3599853515625,11125.73046875,1503.8399658203125,701.260009765625,,5889.39990234375,5040.9501953125,5723.02978515625,16887.80078125,15499.1796875,,,14.34000015258789,3820.43701171875
2006-07-18 00:00:00,1278.550048828125,11103.7099609375,1510.300048828125,700.030029296875,,5974.89990234375,5028.509765625,5705.419921875,16955.0390625,15342.8701171875,,,14.329999923706055,4080.583984375
2006-07-11 00:00:00,1240.2900390625,10799.23046875,1451.8800048828125,671.9400024414062,,5719.7001953125,4818.5498046875,5451.009765625,16464.1796875,14821.259765625,,,17.399999618530273,4178.93310546875
2006-07-04 00:00:00,1236.199951171875,11134.76953125,1462.1700439453125,681.239990234375,,5707.60009765625,4780.7900390625,5422.22021484375,16135.7099609375,14845.240234375,,,18.049999237060547,4187.443359375
2006-06-27 00:00:00,1265.47998046875,11228.01953125,1533.7099609375,709.2999877929688,,5888.89990234375,4953.7099609375,5681.85009765625,16459.779296875,15307.6103515625,,,13.970000267028809,4322.8017578125
2006-06-20 00:00:00,1270.199951171875,10924.740234375,1575.22998046875,724.6699829101562,,5833.39990234375,4965.9599609375,5683.31005859375,16267.6201171875,15505.1796875,,,13.079999923706055,4301.61181640625
2006-06-13 00:00:00,1244.5,10974.83984375,1551.050048828125,690.1400146484375,,5692.10009765625,4817.6298828125,5529.740234375,15808.8095703125,15124.0400390625,,,15.890000343322754,4111.64404296875
2006-06-06 00:00:00,1251.5400390625,10706.1396484375,1562.8399658203125,693.0700073242188,,5597.39990234375,4694.89013671875,5376.009765625,15842.650390625,14879.33984375,,,17.25,4058.254638671875
2006-05-30 00:00:00,1252.300048828125,11002.1396484375,1550.969970703125,701.3900146484375,,5655.2001953125,4768.18017578125,5464.080078125,15628.6904296875,14750.83984375,,,18.1200008392334,4010.4951171875
2006-05-23 00:00:00,1288.219970703125,11094.4296875,1612.9000244140625,737.4500122070312,,5764.60009765625,4959.7001953125,5687.0400390625,15912.7099609375,15789.3095703125,,,14.319999694824219,4260.97265625
2006-05-16 00:00:00,1280.1600341796875,11098.349609375,1606.3699951171875,729.5499877929688,,5791.0,5045.08984375,5788.35986328125,15895.099609375,15970.759765625,,,14.260000228881836,4216.982421875
2006-05-09 00:00:00,1267.030029296875,11419.8896484375,1600.8599853515625,722.5399780273438,,5657.39990234375,4944.56982421875,5672.27978515625,16313.3603515625,16155.4501953125,,,17.18000030517578,4369.35107421875
2006-05-02 00:00:00,1291.239990234375,11639.76953125,1635.81005859375,742.4000244140625,,5912.10009765625,5150.4501953125,5916.27978515625,16901.849609375,16601.779296875,,,14.1899995803833,4173.72314453125
2006-04-25 00:00:00,1325.760009765625,11416.4501953125,1713.8399658203125,781.8300170898438,,6091.7001953125,5286.39990234375,6113.2900390625,17013.9296875,17153.76953125,,,11.619999885559082,
2006-04-18 00:00:00,1310.6099853515625,11283.25,1700.7099609375,764.5399780273438,,6023.10009765625,5188.39990234375,6009.89013671875,16661.30078125,16906.23046875,,,11.59000015258789,3848.056884765625
2006-04-11 00:00:00,1311.280029296875,11268.76953125,1709.02001953125,772.1199951171875,,6132.7001953125,5252.3798828125,6094.75,16912.150390625,17403.9609375,,,11.59000015258789,3857.246826171875
2006-04-04 00:00:00,1289.1199951171875,11089.6298828125,1712.0699462890625,751.1099853515625,,6029.39990234375,5102.6201171875,5918.56982421875,16429.44921875,17233.8203125,,,12.380000114440918,3759.98779296875
2006-03-28 00:00:00,1295.5,11203.849609375,1723.030029296875,756.1300048828125,,6026.10009765625,5174.9599609375,5952.919921875,16471.779296875,17563.369140625,,,12.260000228881836,3703.53857421875
2006-03-21 00:00:00,1294.8699951171875,11154.5400390625,1703.6600341796875,765.1400146484375,,5964.60009765625,5220.85009765625,5970.080078125,15805.0400390625,17059.66015625,,,11.390000343322754,3516.3603515625
2006-03-14 00:00:00,1302.949951171875,11235.4697265625,1679.81005859375,753.8300170898438,,6036.2998046875,5218.7099609375,5973.14013671875,15716.4599609375,16560.869140625,,,11.1899995803833,3392.451904296875
2006-03-07 00:00:00,1307.25,11151.33984375,1685.6600341796875,746.0900268554688,,5999.39990234375,5141.080078125,5882.3798828125,15801.66015625,16339.73046875,,,12.119999885559082,3300.313232421875
2006-02-28 00:00:00,1281.4200439453125,10980.6904296875,1648.22998046875,726.3400268554688,,5907.89990234375,5069.27001953125,5804.919921875,15445.0498046875,16115.6298828125,,,11.850000381469727,3213.473876953125
2006-02-21 00:00:00,1287.22998046875,10993.41015625,1684.3199462890625,738.4400024414062,,5858.7001953125,4989.14990234375,5721.4599609375,15802.0,15663.33984375,,,11.960000038146973,3350.38232421875
2006-02-14 00:00:00,1289.4300537109375,11069.0595703125,1676.5,736.5999755859375,,5860.5,5073.9501953125,5870.7900390625,15856.0498046875,16101.91015625,,,11.460000038146973,3390.83203125
2006-02-07 00:00:00,1287.239990234375,11028.3896484375,1675.2099609375,730.9400024414062,,5846.2001953125,5000.0,5795.47998046875,15475.6904296875,15713.4501953125,,,12.010000228881836,3295.833251953125
2006-01-31 00:00:00,1266.989990234375,10749.759765625,1663.75,717.1300048828125,,5764.10009765625,4910.81982421875,5701.47021484375,15425.9501953125,16257.830078125,,,12.869999885559082,3321.87255859375
2006-01-24 00:00:00,1264.030029296875,10864.8603515625,1664.530029296875,724.219970703125,,5759.2998046875,4937.56005859375,5657.1201171875,15429.73046875,16659.640625,,,12.960000038146973,
2006-01-17 00:00:00,1283.719970703125,10712.2197265625,1711.1099853515625,732.219970703125,,5786.7998046875,4956.60009765625,5647.419921875,15753.1396484375,16460.6796875,,,11.970000267028809,3242.313720703125
2006-01-10 00:00:00,1261.489990234375,10896.3203125,1676.3800048828125,704.5999755859375,,5672.39990234375,4773.47998046875,5349.02001953125,15662.080078125,15696.6904296875,,,14.5600004196167,3153.314697265625
2006-01-03 00:00:00,1287.6099853515625,11011.580078125,1746.780029296875,708.4400024414062,,5711.0,4850.52978515625,5483.08984375,15787.9697265625,16454.94921875,,,11.229999542236328,3045.535888671875
2005-12-27 00:00:00,1285.449951171875,10847.41015625,1734.989990234375,699.3900146484375,,5731.7998046875,4867.14990234375,5536.31982421875,15344.4404296875,16428.2109375,,,11.0,3053.27587890625
2005-12-20 00:00:00,1248.2900390625,10777.76953125,1645.199951171875,673.219970703125,,5618.7998046875,4715.22998046875,5408.259765625,14876.4296875,16111.4296875,,,12.069999694824219,2863.578125
2005-12-13 00:00:00,1268.6600341796875,10805.5498046875,1682.9200439453125,686.4400024414062,,5595.5,4757.740234375,5419.0498046875,15183.580078125,15941.3701171875,,,10.270000457763672,2827.158203125
2005-12-06 00:00:00,1267.3199462890625,10823.7197265625,1688.6800537109375,683.0900268554688,,5531.60009765625,4704.41015625,5353.66015625,15029.8095703125,15173.0703125,,,10.680000305175781,2801.608642578125
2005-11-29 00:00:00,1259.3699951171875,10856.8603515625,1692.6199951171875,688.77001953125,,5517.39990234375,4661.009765625,5282.1298828125,14910.509765625,15404.0498046875,,,11.6899995803833,2724.159423828125
2005-11-22 00:00:00,1265.0799560546875,10888.16015625,1709.0999755859375,690.5700073242188,,5528.10009765625,4662.5,5307.990234375,15200.3798828125,15421.599609375,,,11.010000228881836,2680.60986328125
2005-11-15 00:00:00,1268.25,10871.4296875,1701.050048828125,683.5800170898438,,5523.7998046875,4600.47998046875,5194.27001953125,15081.4697265625,14784.2900390625,,,10.880000114440918,2725.029541015625
2005-11-08 00:00:00,1248.27001953125,10686.4404296875,1679.8499755859375,672.219970703125,,5498.89990234375,4556.22998046875,5123.5,14883.3203125,14623.1201171875,,,11.119999885559082,2721.839599609375
2005-11-01 00:00:00,1234.719970703125,10539.7197265625,1653.3599853515625,666.6599731445312,,5465.10009765625,4536.490234375,5090.75,14740.599609375,14155.0595703125,,,11.630000114440918,2664.020263671875
2005-10-25 00:00:00,1220.1400146484375,10406.76953125,1628.030029296875,658.1599731445312,,5423.60009765625,4498.7001953125,4995.240234375,14585.7900390625,14075.9599609375,,,13.170000076293945,2686.989990234375
2005-10-18 00:00:00,1198.4100341796875,10377.8701171875,1557.1099853515625,635.3300170898438,,5213.39990234375,4326.7099609375,4825.64013671875,14215.830078125,13346.5400390625,,,14.25,2631.49072265625
2005-10-11 00:00:00,1179.5899658203125,10285.259765625,1565.1199951171875,632.72998046875,,5142.10009765625,4366.52001953125,4838.39990234375,14487.849609375,13199.9501953125,,,16.1299991607666,2775.788818359375
2005-10-04 00:00:00,1186.5699462890625,10253.169921875,1544.2900390625,633.1500244140625,,5275.0,4482.1298828125,4975.56005859375,14485.8798828125,13420.5400390625,,,14.869999885559082,2830.728271484375
2005-09-27 00:00:00,1195.9000244140625,10441.1103515625,1555.9200439453125,644.3300170898438,,5362.2998046875,4528.7900390625,5007.77001953125,14847.7900390625,13227.740234375,,,14.59000015258789,
2005-09-20 00:00:00,1228.81005859375,10456.2099609375,1601.6600341796875,667.7999877929688,,5477.7001953125,4600.02001953125,5044.1201171875,15428.51953125,13574.2998046875,,,11.920000076293945,2903.07763671875
2005-09-13 00:00:00,1215.2900390625,10481.51953125,1571.75,655.4600219726562,,5413.60009765625,4477.2001953125,4882.580078125,15143.9697265625,13159.3603515625,,,12.960000038146973,2892.817626953125
2005-09-06 00:00:00,1237.9100341796875,10597.4404296875,1599.43994140625,671.97998046875,,5407.89990234375,4509.490234375,4986.5,14983.2001953125,12958.6796875,,,11.220000267028809,3061.02587890625
2005-08-30 00:00:00,1241.47998046875,10589.240234375,1607.8299560546875,678.0499877929688,,5359.2998046875,4491.68017578125,5005.93017578125,15165.76953125,12692.0400390625,,,11.979999542236328,3009.326416015625
2005-08-23 00:00:00,1218.02001953125,10412.8203125,1573.1199951171875,663.3300170898438,,5326.89990234375,4404.9501953125,4837.81005859375,15221.8896484375,12600.0,,,13.569999694824219,3012.115966796875
2005-08-16 00:00:00,1205.0999755859375,10519.580078125,1558.8399658203125,648.6400146484375,,5228.10009765625,4342.7001953125,4783.7998046875,14982.8896484375,12439.48046875,,,13.720000267028809,2952.69677734375
2005-08-09 00:00:00,1219.7099609375,10513.4501953125,1573.719970703125,652.510009765625,,5312.60009765625,4487.89990234375,4929.91015625,15038.6103515625,12291.73046875,,,13.420000076293945,3002.1064453125
2005-08-02 00:00:00,1230.3900146484375,10615.669921875,1591.75,660.0,,5345.7998046875,4476.47998046875,4937.330078125,15450.9501953125,12261.6796875,,,12.739999771118164,3065.69580078125
2005-07-26 00:00:00,1226.4200439453125,10683.740234375,1601.5899658203125,662.7899780273438,,5314.7998046875,4421.7001953125,4827.18017578125,15051.3203125,11766.48046875,,,12.479999542236328,3047.2958984375
2005-07-19 00:00:00,1234.1800537109375,10579.76953125,1605.1400146484375,679.75,,5282.2998046875,4451.740234375,4886.5,14880.98046875,11899.599609375,,,11.569999694824219,2887.53759765625
2005-07-12 00:00:00,1233.6800537109375,10646.5595703125,1600.760009765625,677.780029296875,,5241.7998046875,4415.52001953125,4836.89990234375,14786.4599609375,11695.0498046875,,,10.520000457763672,2782.858642578125
2005-07-05 00:00:00,1227.9200439453125,10513.8896484375,1577.8199462890625,663.739990234375,,5230.89990234375,4373.77001953125,4712.89990234375,14504.2900390625,11758.6796875,,,10.329999923706055,2716.639404296875
2005-06-28 00:00:00,1211.8599853515625,10371.7998046875,1533.27001953125,662.1400146484375,,5232.2001953125,4300.31005859375,4597.97021484375,13964.4697265625,11565.990234375,,,11.449999809265137,2650.580322265625
2005-06-21 00:00:00,1194.43994140625,10405.6298828125,1490.530029296875,643.0399780273438,,5161.0,4269.6201171875,4617.06982421875,14201.0595703125,11630.1298828125,,,11.399999618530273,2728.689453125
2005-06-14 00:00:00,1191.5699462890625,10599.669921875,1500.1800537109375,630.4099731445312,,5079.0,4199.8701171875,4566.47998046875,14230.2900390625,11537.0302734375,,,12.180000305175781,2848.30810546875
2005-06-07 00:00:00,1216.9599609375,10547.5703125,1538.1300048828125,644.1900024414062,,5077.60009765625,4220.91015625,4604.56982421875,13912.0302734375,11514.0302734375,,,11.479999542236328,2790.61865234375
2005-05-31 00:00:00,1198.1099853515625,10483.0703125,1521.02001953125,626.3300170898438,,5030.39990234375,4184.10009765625,4586.10009765625,13934.759765625,11304.23046875,,,11.960000038146973,2882.23779296875
2005-05-24 00:00:00,1196.02001953125,10467.48046875,1544.47998046875,620.2999877929688,,4999.39990234375,4162.47021484375,4510.39013671875,13818.4501953125,11300.0498046875,,,12.149999618530273,2626.99072265625
2005-05-17 00:00:00,1198.780029296875,10503.6796875,1549.800048828125,616.9000244140625,,4986.2998046875,4131.830078125,4444.7099609375,13714.7802734375,11192.330078125,,,12.149999618530273,2806.07861328125
2005-05-10 00:00:00,1189.280029296875,10331.8798828125,1528.06005859375,609.4099731445312,,4971.7998046875,4096.18017578125,4360.68017578125,13717.419921875,11037.2900390625,,,13.140000343322754,2900.797607421875
2005-05-03 00:00:00,1154.050048828125,10281.1103515625,1470.6300048828125,582.02001953125,,4886.5,4017.889892578125,4275.7001953125,13866.8095703125,11049.1103515625,,,16.31999969482422,2921.46728515625
2005-04-26 00:00:00,1171.3499755859375,10256.9501953125,1456.0,596.52001953125,,4918.89990234375,4033.4599609375,4311.06005859375,14033.9599609375,11192.169921875,,,14.050000190734863,
2005-04-19 00:00:00,1156.8499755859375,10151.1298828125,1420.7900390625,579.3800048828125,,4801.7001953125,3911.7099609375,4184.83984375,13908.9697265625,11008.900390625,,,15.3100004196167,3156.634521484375
2005-04-12 00:00:00,1152.1199951171875,10127.41015625,1421.2099609375,589.530029296875,,4849.2998046875,3980.179931640625,4223.0400390625,13693.5498046875,11045.9501953125,,,15.380000114440918,3176.88427734375
2005-04-05 00:00:00,1142.6199951171875,10507.9697265625,1408.5899658203125,580.780029296875,,4891.60009765625,4032.280029296875,4312.25,13638.75,11370.6904296875,,,17.739999771118164,3304.273193359375
2005-03-29 00:00:00,1181.199951171875,10458.4599609375,1485.5999755859375,610.75,,4983.7001953125,4124.2900390625,4400.68017578125,13666.7197265625,11874.75,,,12.619999885559082,3397.281982421875
2005-03-22 00:00:00,1172.9200439453125,10405.7001953125,1469.3499755859375,611.5499877929688,,4914.0,4080.080078125,4373.52978515625,13491.349609375,11723.6298828125,,,14.09000015258789,3284.9130859375
2005-03-15 00:00:00,1171.4200439453125,10470.509765625,1469.93994140625,615.27001953125,,4922.5,4078.31005859375,4343.60009765625,13597.099609375,11761.099609375,,,13.420000076293945,3214.81396484375
2005-03-08 00:00:00,1189.6500244140625,10745.099609375,1484.4000244140625,622.5700073242188,,4923.2998046875,4050.77001953125,4327.18017578125,13828.3701171875,11879.8095703125,,,13.140000343322754,3255.24365234375
2005-03-01 00:00:00,1200.0799560546875,10912.6201171875,1505.6400146484375,626.8400268554688,,4982.10009765625,4049.179931640625,4360.490234375,13890.9296875,11923.8896484375,,,12.800000190734863,3408.8017578125
2005-02-22 00:00:00,1222.1199951171875,10830.0,1520.5799560546875,644.9500122070312,,5036.2998046875,4091.580078125,4423.52001953125,13730.7802734375,11873.0498046875,,,11.9399995803833,3332.112548828125
2005-02-15 00:00:00,1211.3699951171875,10611.2001953125,1526.9000244140625,637.530029296875,,5006.7998046875,4034.570068359375,4348.64013671875,14157.08984375,11658.25,,,11.489999771118164,3385.40185546875
2005-02-08 00:00:00,1201.5899658203125,10837.3203125,1515.4000244140625,630.1300048828125,,5057.2001953125,4029.02001953125,4359.47021484375,14087.8701171875,11660.1201171875,,,11.180000305175781,3233.533935546875
2005-02-01 00:00:00,1205.300048828125,10724.6298828125,1530.510009765625,634.760009765625,,5044.2001953125,4016.75,4387.7998046875,13845.6298828125,11553.5595703125,,,11.430000305175781,
2005-01-25 00:00:00,1203.030029296875,10551.9404296875,1534.489990234375,637.4400024414062,,4941.5,3958.010009765625,4339.27978515625,13585.169921875,11360.400390625,,,11.210000038146973,3265.973388671875
2005-01-18 00:00:00,1171.3599853515625,10461.5595703125,1499.4599609375,613.0,,4832.7998046875,3870.35009765625,4201.81005859375,13650.0595703125,11320.580078125,,,13.239999771118164,3065.56591796875
2005-01-11 00:00:00,1167.8699951171875,10628.7900390625,1503.6400146484375,611.0800170898438,,4803.2998046875,3854.18994140625,4213.7001953125,13481.01953125,11238.3701171875,,,14.359999656677246,3055.77587890625
2005-01-04 00:00:00,1184.52001953125,10556.2197265625,1561.1099853515625,617.47998046875,,4820.7998046875,3854.60009765625,4232.35986328125,13494.7802734375,11438.3896484375,,,12.430000305175781,3055.48583984375
2004-12-28 00:00:00,1186.18994140625,10630.7802734375,1564.81005859375,613.2100219726562,,4854.10009765625,3877.9599609375,4316.39990234375,13574.8603515625,11433.240234375,,,13.489999771118164,3035.55615234375
2004-12-21 00:00:00,1211.9200439453125,10854.5400390625,1621.1199951171875,651.5700073242188,,4814.2998046875,3821.159912109375,4256.080078125,14230.1396484375,11488.759765625,,,13.289999961853027,3067.535888671875
2004-12-14 00:00:00,1210.1300048828125,10759.4296875,1613.77001953125,649.3699951171875,,4798.10009765625,3822.760009765625,4251.6201171875,14194.900390625,11365.48046875,,,11.229999542236328,3125.465087890625
2004-12-07 00:00:00,1194.199951171875,10676.4501953125,1596.6099853515625,642.0800170898438,,4696.7998046875,3744.919921875,4182.27001953125,13992.4404296875,11078.3203125,,,11.949999809265137,3157.314697265625
2004-11-30 00:00:00,1188.0,10440.580078125,1605.1600341796875,632.239990234375,,4694.0,3768.419921875,4174.5498046875,13901.8095703125,10756.7998046875,,,12.760000228881836,3195.83447265625
2004-11-23 00:00:00,1191.1700439453125,10428.01953125,1614.4000244140625,642.2100219726562,,4747.89990234375,3783.510009765625,4208.8701171875,14211.83984375,11074.8896484375,,,12.960000038146973,3205.444091796875
2004-11-16 00:00:00,1182.6500244140625,10492.599609375,1578.260009765625,631.1599731445312,,4741.60009765625,3782.199951171875,4154.27001953125,13895.0302734375,10833.75,,,12.779999732971191,3259.9033203125
2004-11-09 00:00:00,1170.3399658203125,10487.650390625,1552.1099853515625,613.4400024414062,,4760.7998046875,3798.780029296875,4134.89013671875,13787.6796875,11082.83984375,,,13.5,3300.283203125
2004-11-02 00:00:00,1184.1700439453125,10386.3701171875,1558.4100341796875,621.97998046875,,4793.89990234375,3835.110107421875,4143.35009765625,13784.4599609375,11019.98046875,,,13.329999923706055,3227.40380859375
2004-10-26 00:00:00,1166.1700439453125,10035.73046875,1525.239990234375,604.2899780273438,,4739.7998046875,3780.989990234375,4063.580078125,13494.9501953125,11061.76953125,,,13.84000015258789,3122.2451171875
2004-10-19 00:00:00,1130.199951171875,9888.48046875,1486.719970703125,583.7899780273438,,4624.2001953125,3706.820068359375,3960.25,13054.66015625,10771.419921875,,,16.270000457763672,3216.31396484375
2004-10-12 00:00:00,1095.739990234375,9897.6201171875,1438.25,567.780029296875,,4615.39990234375,3687.169921875,3935.139892578125,13015.2001953125,10857.1298828125,,,15.279999732971191,3334.552734375
2004-10-05 00:00:00,1108.199951171875,10077.1796875,1430.97998046875,569.4199829101562,,4622.7001953125,3670.760009765625,3922.110107421875,13059.4296875,10982.9501953125,,,15.039999961853027,3301.193115234375
2004-09-28 00:00:00,1122.1400146484375,10177.6796875,1430.9599609375,575.6500244140625,,4698.89990234375,3737.8701171875,4015.5400390625,13241.4599609375,11349.349609375,,,15.050000190734863,3548.3701171875
2004-09-21 00:00:00,1131.5,10077.400390625,1452.93994140625,585.030029296875,,4659.7001953125,3730.159912109375,3994.9599609375,13120.0302734375,10985.169921875,,,12.75,3453.87109375
2004-09-14 00:00:00,1110.1099853515625,10244.9296875,1399.050048828125,565.969970703125,,4578.10009765625,3673.510009765625,3910.300048828125,13066.83984375,10895.16015625,,,14.279999732971191,3494.1708984375
2004-09-07 00:00:00,1128.550048828125,10318.16015625,1426.300048828125,573.1699829101562,,4591.0,3726.219970703125,3988.070068359375,13224.9296875,11082.490234375,,,14.029999732971191,3347.032470703125
2004-08-31 00:00:00,1123.9200439453125,10342.7900390625,1413.0,569.9099731445312,,4545.0,3677.610107421875,3886.030029296875,13003.990234375,11083.23046875,,,13.760000228881836,3059.255859375
2004-08-24 00:00:00,1113.6300048828125,10173.919921875,1371.8199462890625,556.239990234375,,4550.7998046875,3665.93994140625,3866.989990234375,12948.099609375,11022.490234375,,,13.90999984741211,3126.1650390625
2004-08-17 00:00:00,1107.77001953125,10098.6298828125,1388.56005859375,551.6699829101562,,4490.10009765625,3649.239990234375,3851.179931640625,12818.419921875,11209.58984375,,,14.710000038146973,3115.215087890625
2004-08-10 00:00:00,1098.3499755859375,9972.830078125,1366.72998046875,547.9199829101562,,4369.2001953125,3538.02001953125,3712.610107421875,12376.900390625,10889.1396484375,,,16.0,3185.684326171875
2004-08-03 00:00:00,1064.800048828125,9944.669921875,1307.8199462890625,517.3900146484375,,4301.5,3484.840087890625,3646.989990234375,12359.830078125,10757.2001953125,,,17.979999542236328,3245.773681640625
2004-07-27 00:00:00,1063.969970703125,10120.240234375,1315.300048828125,519.6500244140625,,4337.89990234375,3528.639892578125,3727.739990234375,12478.6796875,10972.5703125,,,19.34000015258789,3274.39306640625
2004-07-20 00:00:00,1101.719970703125,10085.1396484375,1400.3900146484375,551.2899780273438,,4413.10009765625,3647.10009765625,3895.610107421875,12238.0302734375,11325.7802734375,,,15.319999694824219,3283.333251953125
2004-07-13 00:00:00,1086.199951171875,10149.0703125,1375.47998046875,539.22998046875,,4326.2998046875,3567.2900390625,3797.330078125,12352.990234375,11187.330078125,,,16.5,3334.652587890625
2004-07-06 00:00:00,1101.3900146484375,10247.58984375,1392.1700439453125,555.47998046875,,4339.2001953125,3610.39990234375,3845.929931640625,12059.2001953125,11436.0,,,14.34000015258789,3442.031494140625
2004-06-29 00:00:00,1112.81005859375,10219.33984375,1440.0,563.72998046875,,4393.2001953125,3668.47998046875,3924.489990234375,12202.259765625,11423.5302734375,,,15.779999732971191,3345.8125
2004-06-22 00:00:00,1125.3800048828125,10413.4296875,1481.18994140625,582.719970703125,,4407.39990234375,3685.06005859375,3998.77001953125,12220.1298828125,11721.490234375,,,15.079999923706055,3391.721923828125
2004-06-15 00:00:00,1134.4300537109375,10395.0703125,1498.3800048828125,587.7000122070312,,4494.10009765625,3742.3798828125,4013.35009765625,12185.51953125,11780.400390625,,,15.1899995803833,3255.563720703125
2004-06-08 00:00:00,1135.02001953125,10380.4296875,1464.6500244140625,570.5399780273438,,4505.7998046875,3740.89990234375,3999.7900390625,11855.5498046875,11382.080078125,,,14.989999771118164,3263.663330078125
2004-06-01 00:00:00,1136.469970703125,10432.51953125,1481.27001953125,569.1199951171875,,4484.0,3699.3798828125,4014.56005859375,12396.3896484375,11526.8203125,,,15.039999961853027,3381.652099609375
2004-05-25 00:00:00,1122.5,10202.650390625,1455.0400390625,567.75,,4454.5,3698.8701171875,3961.929931640625,12022.6396484375,11128.0498046875,,,16.780000686645508,3522.850341796875
2004-05-18 00:00:00,1120.6800537109375,10117.6201171875,1466.219970703125,568.280029296875,,4430.7001953125,3652.030029296875,3902.719970703125,12116.8701171875,11309.5703125,,,15.5,3548.650146484375
2004-05-11 00:00:00,1093.56005859375,9968.509765625,1408.1700439453125,545.8099975585938,,4431.39990234375,3607.02001953125,3831.840087890625,11576.009765625,11070.25,,,18.489999771118164,3514.180419921875
2004-05-04 00:00:00,1095.699951171875,10019.4697265625,1399.8499755859375,543.760009765625,,4441.7998046875,3603.260009765625,3803.10009765625,11276.8603515625,10849.6298828125,,,18.469999313354492,3489.86083984375
2004-04-27 00:00:00,1098.699951171875,10317.2001953125,1406.18994140625,548.5599975585938,,4498.39990234375,3653.179931640625,3895.639892578125,11910.759765625,11438.8203125,,,18.1299991607666,
2004-04-20 00:00:00,1107.300048828125,10478.16015625,1401.3599853515625,559.7999877929688,,4489.7001953125,3674.280029296875,3985.2099609375,11942.9599609375,11761.7900390625,,,17.190000534057617,3613.12939453125
2004-04-13 00:00:00,1140.5999755859375,10314.5,1497.010009765625,590.7100219726562,,4570.0,3811.429931640625,4103.6201171875,12383.9404296875,12120.66015625,,,14.010000228881836,3782.66748046875
2004-04-06 00:00:00,1134.6099853515625,10381.2802734375,1449.06005859375,583.3699951171875,,4537.2998046875,3751.590087890625,4033.97998046875,12458.3798828125,11824.5595703125,,,14.9399995803833,3941.02587890625
2004-03-30 00:00:00,1139.3199462890625,10570.8095703125,1485.510009765625,597.8800048828125,,4489.7001953125,3740.110107421875,4013.530029296875,12909.3701171875,11897.509765625,,,16.260000228881836,4051.91455078125
2004-03-23 00:00:00,1141.81005859375,10381.7001953125,1490.300048828125,603.4500122070312,,4465.60009765625,3739.909912109375,4007.60009765625,12731.759765625,11815.9501953125,,,15.640000343322754,4132.49365234375
2004-03-16 00:00:00,1108.06005859375,10063.6396484375,1415.3900146484375,572.9199829101562,,4357.5,3592.389892578125,3822.330078125,12483.240234375,11770.650390625,,,17.329999923706055,4061.484619140625
2004-03-09 00:00:00,1109.780029296875,10184.669921875,1398.5799560546875,570.739990234375,,4417.7001953125,3613.280029296875,3819.14990234375,12790.580078125,11418.509765625,,,19.149999618530273,4058.91455078125
2004-03-02 00:00:00,1120.5699462890625,10456.9599609375,1431.4000244140625,582.8400268554688,,4467.39990234375,3661.780029296875,3915.3798828125,12932.23046875,11162.75,,,18.299999237060547,3948.3955078125
2004-02-24 00:00:00,1156.8599853515625,10591.48046875,1472.989990234375,599.5399780273438,,4547.10009765625,3761.110107421875,4126.14013671875,13454.759765625,11537.2900390625,,,14.479999542236328,3908.516357421875
2004-02-17 00:00:00,1144.93994140625,10566.3701171875,1470.3800048828125,585.5599975585938,,4492.2001953125,3725.43994140625,4018.159912109375,13907.0302734375,11041.919921875,,,14.550000190734863,3919.8759765625
2004-02-10 00:00:00,1144.1099853515625,10714.8798828125,1482.0999755859375,579.8900146484375,,4515.0,3733.280029296875,4073.35009765625,13868.3701171875,10720.6904296875,,,16.040000915527344,3986.615234375
2004-02-03 00:00:00,1145.81005859375,10613.849609375,1484.469970703125,585.1400146484375,,4412.0,3649.340087890625,4057.050048828125,13739.7998046875,10557.6904296875,,,15.579999923706055,3841.987060546875
2004-01-27 00:00:00,1142.760009765625,10505.1796875,1498.949951171875,584.0700073242188,,4402.7001953125,3624.719970703125,4044.989990234375,13309.599609375,10460.919921875,,,16.0,3822.156982421875
2004-01-20 00:00:00,1131.1300048828125,10609.919921875,1493.0799560546875,580.760009765625,,4390.7001953125,3638.43994140625,4058.60009765625,13289.3701171875,10783.6103515625,,,16.6299991607666,3716.828369140625
2004-01-13 00:00:00,1141.550048828125,10528.66015625,1531.2099609375,596.1400146484375,,4460.7998046875,3693.360107421875,4151.830078125,13750.580078125,11069.009765625,,,14.84000015258789,
2004-01-06 00:00:00,1139.8299560546875,10427.1796875,1553.6199951171875,590.4099731445312,,4487.89990234375,3671.800048828125,4111.64013671875,13167.759765625,10857.2001953125,,,15.0,3729.29833984375
2003-12-30 00:00:00,1121.8599853515625,10538.66015625,1520.4599609375,575.2000122070312,,4466.2998046875,3574.800048828125,4016.179931640625,13385.7998046875,10965.0498046875,,,16.75,3696.37841796875
2003-12-23 00:00:00,1108.47998046875,10425.0400390625,1463.5699462890625,560.8499755859375,,4510.2001953125,3596.800048828125,4018.5,12801.48046875,10676.6396484375,,,18.219999313354492,3501.8310546875
2003-12-16 00:00:00,1095.8900146484375,10341.259765625,1443.8599853515625,554.9000244140625,,4444.7001953125,3510.300048828125,3903.340087890625,12456.7001953125,10417.41015625,,,17.450000762939453,3505.52099609375
2003-12-09 00:00:00,1088.6600341796875,10129.5595703125,1426.1700439453125,546.8800048828125,,4412.2998046875,3502.0400390625,3898.419921875,12371.75,10284.5400390625,,,16.420000076293945,3346.982421875
2003-12-02 00:00:00,1074.1400146484375,9923.419921875,1417.27001953125,547.5900268554688,,4347.60009765625,3470.60009765625,3860.1298828125,12594.419921875,10169.66015625,,,16.40999984741211,3359.892333984375
2003-11-25 00:00:00,1061.5,9853.6396484375,1406.9100341796875,539.010009765625,,4367.0,3457.139892578125,3841.72998046875,12314.73046875,10373.4599609375,,,17.09000015258789,3353.142333984375
2003-11-18 00:00:00,1058.199951171875,9763.9404296875,1424.25,546.510009765625,,4342.60009765625,3424.7900390625,3745.949951171875,12317.4697265625,10100.5703125,,,16.31999969482422,3267.9033203125
2003-11-11 00:00:00,1035.280029296875,9624.16015625,1373.3199462890625,525.9299926757812,,4319.0,3366.1201171875,3642.25,11839.7998046875,9852.830078125,,,18.979999542236328,3188.46435546875
2003-11-04 00:00:00,1050.3499755859375,9737.7900390625,1407.510009765625,532.9600219726562,,4397.0,3448.60009765625,3797.39990234375,12203.5302734375,10167.0595703125,,,16.940000534057617,3190.494384765625
2003-10-28 00:00:00,1053.2099609375,9838.830078125,1436.72998046875,542.9600219726562,,4376.89990234375,3453.1298828125,3782.56005859375,12215.169921875,10628.98046875,,,16.93000030517578,3214.353759765625
2003-10-21 00:00:00,1050.7099609375,9748.3095703125,1416.3900146484375,528.219970703125,,4287.60009765625,3373.199951171875,3655.989990234375,12190.099609375,10559.58984375,,,16.100000381469727,3167.3046875
2003-10-14 00:00:00,1028.9100341796875,9747.6396484375,1370.6099853515625,506.42999267578125,,4239.0,3266.27001953125,3452.639892578125,11736.3701171875,10335.7001953125,,,17.709999084472656,3185.50439453125
2003-10-07 00:00:00,1039.3199462890625,9812.98046875,1394.02001953125,520.3599853515625,,4344.0,3353.719970703125,3516.669921875,12044.490234375,11037.8896484375,,,17.6200008392334,3116.675048828125
2003-09-30 00:00:00,1038.06005859375,9654.6103515625,1404.8699951171875,519.0599975585938,,4311.0,3306.1201171875,3471.25,11935.830078125,10786.0400390625,,,18.450000762939453,3199.524169921875
2003-09-23 00:00:00,1029.8499755859375,9275.0595703125,1375.3199462890625,512.280029296875,,4274.0,3296.360107421875,3419.0,11608.7197265625,10709.2900390625,,,19.5,3054.86572265625
2003-09-16 00:00:00,996.8499755859375,9576.0400390625,1309.31005859375,485.2900085449219,,4157.10009765625,3216.760009765625,3324.85009765625,11290.150390625,10318.4404296875,,,22.229999542236328,3054.555908203125
2003-09-09 00:00:00,1036.300048828125,9567.33984375,1392.260009765625,520.2000122070312,,4257.0,3373.639892578125,3578.699951171875,10968.419921875,10938.419921875,,,17.540000915527344,3095.705322265625
2003-09-02 00:00:00,1018.6300048828125,9507.2001953125,1357.6300048828125,509.05999755859375,,4237.7998046875,3322.56005859375,3508.06005859375,10883.51953125,10712.8095703125,,,18.68000030517578,3135.494873046875
2003-08-26 00:00:00,1021.3900146484375,9523.26953125,1361.9000244140625,508.8699951171875,,4257.2001953125,3392.75,3607.7099609375,11170.6103515625,10650.76953125,,,18.170000076293945,3181.654296875
2003-08-19 00:00:00,1008.010009765625,9340.4501953125,1341.199951171875,497.4200134277344,,4161.10009765625,3311.419921875,3484.580078125,10908.990234375,10343.5498046875,,,18.6299991607666,3192.33447265625
2003-08-12 00:00:00,993.0599975585938,9428.900390625,1304.5400390625,485.510009765625,,4225.89990234375,3328.989990234375,3549.050048828125,10760.73046875,10281.169921875,,,18.549999237060547,3208.73388671875
2003-08-05 00:00:00,990.6699829101562,9310.0595703125,1253.6300048828125,471.9200134277344,,4247.2998046875,3279.2099609375,3443.929931640625,10424.5595703125,9863.4697265625,,,18.270000457763672,3261.623291015625
2003-07-29 00:00:00,977.5900268554688,9036.3203125,1207.280029296875,453.94000244140625,,4147.7998046875,3165.489990234375,3332.239990234375,9945.2197265625,9327.5302734375,,,19.59000015258789,3294.273193359375
2003-07-22 00:00:00,980.1500244140625,9204.4599609375,1264.3399658203125,468.0799865722656,,4098.39990234375,3169.6298828125,3438.889892578125,10248.599609375,9611.669921875,,,20.75,3326.82275390625
2003-07-15 00:00:00,998.6799926757812,9158.4501953125,1278.31005859375,468.8800048828125,,4131.2001953125,3109.320068359375,3356.889892578125,9939.2001953125,9648.009765625,,,17.75,3276.35302734375
2003-07-08 00:00:00,993.3200073242188,9128.9697265625,1259.9100341796875,464.760009765625,,4073.199951171875,3129.2099609375,3366.7099609375,10140.83984375,9527.73046875,,,19.110000610351562,3341.46240234375
2003-07-01 00:00:00,998.1400146484375,9223.08984375,1280.5699462890625,473.7699890136719,,4058.10009765625,3138.27001953125,3326.510009765625,9911.5,9635.349609375,,,18.469999313354492,3377.002197265625
2003-06-24 00:00:00,985.7000122070312,9040.9501953125,1231.3399658203125,456.3500061035156,,4021.5,3072.39990234375,3239.610107421875,9636.8095703125,9547.73046875,,,19.389999389648438,3280.253173828125
2003-06-17 00:00:00,976.219970703125,9109.849609375,1205.239990234375,448.75,,4067.800048828125,3109.02001953125,3224.659912109375,9657.2099609375,9104.0595703125,,,19.15999984741211,3227.59375
2003-06-10 00:00:00,995.6900024414062,9323.01953125,1223.4000244140625,449.55999755859375,,4160.10009765625,3190.110107421875,3238.97998046875,9930.3095703125,9120.3896484375,,,19.139999389648438,3307.1728515625
2003-06-03 00:00:00,988.6099853515625,9054.8896484375,1203.9100341796875,449.7099914550781,,4134.10009765625,3108.93994140625,3168.7099609375,9855.6396484375,8980.6396484375,,,20.65999984741211,3402.841796875
2003-05-27 00:00:00,987.760009765625,8922.9501953125,1213.1099853515625,453.94000244140625,,4150.7998046875,3093.2099609375,3127.4599609375,9694.6298828125,8785.8701171875,,,21.25,3362.262451171875
2003-05-20 00:00:00,963.5900268554688,8781.349609375,1197.8900146484375,441.0,,4048.10009765625,2991.75,2982.679931640625,9487.3798828125,8424.509765625,,,19.469999313354492,3503.65087890625
2003-05-13 00:00:00,933.219970703125,8491.3603515625,1130.050048828125,418.3999938964844,,3979.800048828125,2897.159912109375,2822.830078125,9303.73046875,8184.759765625,,,19.170000076293945,3478.220947265625
2003-05-06 00:00:00,944.2999877929688,8679.25,1154.47998046875,414.69000244140625,,4049.0,2994.8701171875,2989.080078125,9093.1796875,8117.2900390625,,,18.399999618530273,3414.091552734375
2003-04-29 00:00:00,933.4099731445312,8588.3603515625,1143.550048828125,413.5299987792969,,3969.39990234375,2967.889892578125,2956.590087890625,9084.16015625,8152.16015625,,,19.690000534057617,
2003-04-22 00:00:00,930.0800170898438,8502.990234375,1136.3499755859375,407.6700134277344,,3952.60009765625,2963.1201171875,2986.0,8808.1796875,7907.18994140625,,,20.6299991607666,3260.71337890625
2003-04-15 00:00:00,898.8099975585938,8484.990234375,1083.18994140625,388.5,,3870.199951171875,2866.739990234375,2838.22998046875,8409.009765625,7699.5,,,20.799999237060547,3150.924560546875
2003-04-08 00:00:00,893.5800170898438,8402.3603515625,1083.56005859375,383.70001220703125,,3889.199951171875,2898.610107421875,2899.780029296875,8579.1396484375,7874.509765625,,,21.5,3408.311767578125
2003-04-01 00:00:00,868.2999877929688,8298.919921875,1026.1500244140625,371.29998779296875,,3808.10009765625,2838.139892578125,2733.949951171875,8645.650390625,7816.490234375,,,24.440000534057617,3310.452880859375
2003-03-25 00:00:00,878.8499755859375,8069.85986328125,1050.699951171875,373.2799987792969,,3814.39990234375,2837.9599609375,2654.070068359375,8822.4501953125,8074.1201171875,,,29.1299991607666,3154.8046875
2003-03-18 00:00:00,863.5,8280.23046875,1046.719970703125,368.70001220703125,,3708.5,2733.0,2520.840087890625,8863.3603515625,8280.16015625,,,27.75,3048.575927734375
2003-03-11 00:00:00,895.7899780273438,8194.23046875,1093.1199951171875,376.2300109863281,,3861.10009765625,2890.679931640625,2715.06005859375,9179.1904296875,8195.0498046875,,,28.670000076293945,3005.556396484375
2003-03-04 00:00:00,833.27001953125,7524.06005859375,1030.449951171875,354.3900146484375,,3601.800048828125,2740.010009765625,2403.18994140625,8956.169921875,8002.68994140625,,,30.979999542236328,2994.636474609375
2003-02-25 00:00:00,828.8900146484375,7704.8701171875,986.8200073242188,354.17999267578125,,3491.60009765625,2574.909912109375,2431.659912109375,8907.099609375,8144.1201171875,,,31.079999923706055,3027.7060546875
2003-02-18 00:00:00,841.1500244140625,7909.5,1009.739990234375,360.5199890136719,,3655.60009765625,2754.070068359375,2547.050048828125,9122.66015625,8363.0400390625,,,29.6299991607666,3057.205810546875
2003-02-11 00:00:00,848.1699829101562,8041.14990234375,1015.9199829101562,364.3599853515625,,3727.10009765625,2829.830078125,2648.8701171875,9250.8603515625,8513.5400390625,,,30.25,2989.9765625
2003-02-04 00:00:00,834.8900146484375,7843.10986328125,982.0900268554688,358.5,,3611.89990234375,2827.75,2674.4599609375,9201.759765625,8701.919921875,,,32.619998931884766,3046.56591796875
2003-01-28 00:00:00,829.6900024414062,8013.2900390625,957.0499877929688,358.7799987792969,,3599.199951171875,2796.659912109375,2569.340087890625,9150.9501953125,8448.16015625,,,34.0099983215332,
2003-01-21 00:00:00,855.7000122070312,8088.83984375,983.0499877929688,372.1700134277344,,3567.39990234375,2937.8798828125,2747.830078125,9258.9501953125,8339.9404296875,,,31.170000076293945,3051.185791015625
2003-01-14 00:00:00,861.4000244140625,8442.900390625,996.1799926757812,375.05999755859375,,3603.699951171875,2898.60009765625,2717.820068359375,9460.599609375,8731.650390625,,,31.510000228881836,2992.07666015625
2003-01-07 00:00:00,901.780029296875,8842.6201171875,1017.5800170898438,388.1000061035156,,3820.60009765625,3056.929931640625,2918.820068359375,9614.58984375,8690.25,,,25.700000762939453,2998.636474609375
2002-12-31 00:00:00,927.5700073242188,8740.58984375,1087.3599853515625,396.44000244140625,,3974.10009765625,3160.1298828125,3037.330078125,9721.5,8470.4501953125,,,24.31999969482422,2811.158447265625
2002-12-24 00:00:00,908.5900268554688,8341.6298828125,1031.6300048828125,390.30999755859375,,4005.0,3187.8798828125,3092.93994140625,9583.849609375,8578.9501953125,,,24.68000030517578,2687.68994140625
2002-12-17 00:00:00,875.4000244140625,8448.1103515625,997.8499755859375,384.1600036621094,,3829.39990234375,3011.830078125,2840.0,9445.259765625,8714.0498046875,,,29.549999237060547,2802.9287109375
2002-12-10 00:00:00,895.760009765625,8535.3896484375,1013.9000244140625,386.8800048828125,,3889.89990234375,3082.85009765625,3024.219970703125,9628.6904296875,8406.8798828125,,,26.709999084472656,2904.977294921875
2002-12-03 00:00:00,889.47998046875,8574.259765625,1005.8499755859375,387.9800109863281,,3878.10009765625,3076.85009765625,3077.06005859375,9728.4296875,8516.0703125,,,28.18000030517578,2830.59814453125
2002-11-26 00:00:00,912.22998046875,8742.9296875,1065.969970703125,396.7200012207031,,4013.5,3185.77001953125,3207.530029296875,9973.75,8863.259765625,,,28.8799991607666,2854.55810546875
2002-11-19 00:00:00,936.3099975585938,8676.419921875,1116.0999755859375,406.3500061035156,,4169.39990234375,3326.64990234375,3320.320068359375,10069.8701171875,9215.5595703125,,,27.5,2920.687255859375
2002-11-12 00:00:00,930.5499877929688,8474.7802734375,1116.010009765625,400.0,,4175.2001953125,3305.780029296875,3320.8798828125,10065.3203125,8772.5595703125,,,23.15999984741211,2833.46826171875
2002-11-05 00:00:00,909.8300170898438,8386.0,1061.280029296875,385.9200134277344,,4091.60009765625,3162.389892578125,3191.760009765625,9865.650390625,8503.58984375,,,26.649999618530273,2983.506591796875
2002-10-29 00:00:00,894.739990234375,8678.26953125,1008.3499755859375,379.0,,4034.60009765625,3058.179931640625,3079.10009765625,9770.6796875,8690.76953125,,,29.40999984741211,3075.145263671875
2002-10-22 00:00:00,900.9600219726562,8368.9404296875,1019.0599975585938,383.45001220703125,,3997.0,3109.510009765625,3165.159912109375,9407.6796875,8685.7197265625,,,29.299999237060547,3050.52587890625
2002-10-15 00:00:00,897.6500244140625,8450.16015625,995.5499877929688,372.6400146484375,,4051.10009765625,3056.8798828125,3102.010009765625,9722.5400390625,8726.2900390625,,,30.0,3062.955810546875
2002-10-08 00:00:00,884.3900146484375,8255.6796875,956.1300048828125,363.3699951171875,,4130.5,3156.989990234375,3163.669921875,9613.0703125,9086.1298828125,,,33.529998779296875,3088.13525390625
2002-10-01 00:00:00,835.3200073242188,7501.490234375,890.6099853515625,344.92999267578125,,3953.39990234375,2902.27001953125,2930.739990234375,8965.73046875,8529.6103515625,,,35.70000076293945,3107.005126953125
2002-09-24 00:00:00,800.5800170898438,7938.7900390625,815.4000244140625,347.9800109863281,,3813.800048828125,2765.89990234375,2714.6201171875,9051.3701171875,9027.5498046875,,,39.459999084472656,
2002-09-17 00:00:00,827.3699951171875,7683.1298828125,860.3499755859375,361.7799987792969,,3907.199951171875,2950.52001953125,2918.89990234375,9294.4599609375,9530.4404296875,,,36.970001220703125,3243.8935546875
2002-09-10 00:00:00,845.3900146484375,8207.5498046875,871.5999755859375,367.2799987792969,,3860.10009765625,2890.820068359375,3065.72998046875,9328.2197265625,9481.080078125,,,38.97999954223633,3287.113037109375
2002-09-03 00:00:00,889.8099975585938,8602.6103515625,923.8300170898438,389.989990234375,,4008.0,3156.169921875,3361.280029296875,9650.9697265625,9241.9296875,,,35.81999969482422,3339.862548828125
2002-08-27 00:00:00,893.9199829101562,8308.0498046875,922.219970703125,391.57000732421875,,4107.2001953125,3246.669921875,3485.679931640625,9720.8603515625,9129.0703125,,,36.33000183105469,3374.272216796875
2002-08-20 00:00:00,916.0700073242188,8824.41015625,942.3800048828125,390.9599914550781,,4227.2998046875,3366.2099609375,3712.93994140625,10043.8701171875,9619.2998046875,,,32.63999938964844,3436.8017578125
2002-08-13 00:00:00,940.8599853515625,8872.0703125,1010.489990234375,400.1300048828125,,4389.7998046875,3526.090087890625,3828.260009765625,10245.6904296875,9867.4501953125,,,29.31999969482422,3476.630859375
2002-08-06 00:00:00,928.77001953125,8482.3896484375,996.0599975585938,395.9700012207031,,4330.0,3374.090087890625,3684.68994140625,10265.0400390625,9788.1298828125,,,28.809999465942383,3389.2919921875
2002-07-30 00:00:00,908.6400146484375,8274.08984375,937.3300170898438,388.45001220703125,,4322.39990234375,3447.93994140625,3760.860107421875,10014.0595703125,9999.7900390625,,,35.33000183105469,3385.06201171875
2002-07-23 00:00:00,864.239990234375,8680.0302734375,892.510009765625,376.45001220703125,,4075.60009765625,3245.3701171875,3532.489990234375,9991.7197265625,9709.66015625,,,41.290000915527344,3420.541748046875
2002-07-16 00:00:00,852.8400268554688,7702.33984375,910.9099731445312,382.260009765625,,4016.699951171875,3172.56005859375,3579.0,9773.1201171875,9591.0302734375,,,35.5099983215332,3398.751953125
2002-07-09 00:00:00,847.75,8473.1103515625,965.3699951171875,386.20001220703125,,4098.2998046875,3324.0400390625,3891.8798828125,10325.4599609375,10202.3603515625,,,38.16999816894531,3487.8310546875
2002-07-02 00:00:00,921.3900146484375,9096.08984375,1000.8200073242188,413.2799987792969,,4224.10009765625,3513.340087890625,4130.7998046875,10648.2998046875,10601.4501953125,,,32.939998626708984,3454.39111328125
2002-06-25 00:00:00,989.030029296875,9007.75,1060.8900146484375,440.9200134277344,,4615.7001953125,3863.280029296875,4483.02978515625,10806.16015625,10826.08984375,,,27.110000610351562,3537.2705078125
2002-06-18 00:00:00,989.8200073242188,9126.8203125,1051.4100341796875,462.6400146484375,,4656.39990234375,3897.989990234375,4382.56005859375,10598.5498046875,10621.83984375,,,25.399999618530273,3551.290283203125
2002-06-11 00:00:00,989.1400146484375,9706.1201171875,1035.6300048828125,461.07000732421875,,4605.39990234375,3799.530029296875,4232.39990234375,10591.8603515625,10354.349609375,,,27.229999542236328,3180.904296875
2002-06-04 00:00:00,1007.27001953125,9517.259765625,1109.5999755859375,459.07000732421875,,4630.7998046875,3843.070068359375,4303.85009765625,10955.51953125,10920.6298828125,,,25.959999084472656,3023.176025390625
2002-05-28 00:00:00,1027.530029296875,9687.83984375,1140.239990234375,470.510009765625,,4920.39990234375,4020.27001953125,4610.18017578125,11284.7099609375,11438.5302734375,,,23.510000228881836,3083.25537109375
2002-05-21 00:00:00,1067.1400146484375,9981.580078125,1208.3399658203125,487.4700012207031,,5085.10009765625,4274.64013671875,4818.2998046875,11301.9404296875,11763.7001953125,,,19.979999542236328,3036.966064453125
2002-05-14 00:00:00,1083.8199462890625,10105.7099609375,1253.030029296875,493.6400146484375,,5169.10009765625,4337.43017578125,4899.1298828125,11626.7802734375,11976.2802734375,,,18.899999618530273,3080.745361328125
2002-05-07 00:00:00,1106.5899658203125,10298.1396484375,1325.800048828125,508.94000244140625,,5218.0,4442.93994140625,5036.41015625,11974.6103515625,11847.3203125,,,17.700000762939453,3100.21533203125
2002-04-30 00:00:00,1054.989990234375,9836.5498046875,1188.780029296875,492.7300109863281,,5171.2001953125,4329.83984375,4871.7001953125,11645.900390625,11531.1103515625,,,22.40999984741211,3216.65380859375
2002-04-23 00:00:00,1073.4300537109375,9946.2197265625,1190.739990234375,512.3200073242188,,5203.10009765625,4354.919921875,4882.77001953125,11797.2197265625,11551.009765625,,,20.190000534057617,3253.423583984375
2002-04-16 00:00:00,1076.3199462890625,10089.240234375,1250.8900146484375,501.5,,5159.0,4453.080078125,5000.3798828125,11385.080078125,11541.3896484375,,,22.139999389648438,3174.84423828125
2002-04-09 00:00:00,1125.1700439453125,10301.3203125,1385.010009765625,517.4000244140625,,5243.60009765625,4606.419921875,5284.5498046875,11252.1796875,11512.009765625,,,18.299999237060547,3145.4345703125
2002-04-02 00:00:00,1111.010009765625,10208.669921875,1351.8499755859375,515.4600219726562,,5161.0,4468.2900390625,5189.64990234375,10710.48046875,10962.98046875,,,19.420000076293945,3231.34375
2002-03-26 00:00:00,1122.72998046875,10313.7099609375,1376.719970703125,497.760009765625,,5233.60009765625,4515.7001953125,5260.52978515625,10831.3701171875,11335.490234375,,,19.1299991607666,3207.183837890625
2002-03-19 00:00:00,1147.3900146484375,10353.3603515625,1452.81005859375,506.4599914550781,,5271.7998046875,4688.02001953125,5397.2900390625,11032.919921875,11024.9404296875,,,17.399999618530273,3173.8642578125
2002-03-12 00:00:00,1148.699951171875,10635.25,1470.0999755859375,502.3900146484375,,5250.5,4601.56982421875,5366.1298828125,10863.0703125,11345.080078125,,,17.770000457763672,3312.722900390625
2002-03-05 00:00:00,1166.1600341796875,10632.349609375,1495.4100341796875,499.1199951171875,,5292.7001953125,4588.330078125,5401.10986328125,11210.25,11648.009765625,,,18.420000076293945,3267.7734375
2002-02-26 00:00:00,1164.31005859375,10433.41015625,1555.1099853515625,499.8500061035156,,5285.7001953125,4629.10986328125,5359.5498046875,11233.23046875,11885.7900390625,,,19.270000457763672,3318.892822265625
2002-02-19 00:00:00,1131.780029296875,10115.259765625,1435.4100341796875,478.3399963378906,,5169.0,4486.419921875,5097.41015625,10425.3095703125,10812.0,,,19.959999084472656,2991.2265625
2002-02-12 00:00:00,1089.8399658203125,9745.1396484375,1356.1600341796875,465.07000732421875,,5050.7998046875,4245.2001953125,4745.580078125,10664.9404296875,10356.7802734375,,,22.860000610351562,
2002-02-05 00:00:00,1104.1800537109375,9863.740234375,1436.699951171875,469.25,,5182.5,4377.0,4862.60009765625,10961.8798828125,10048.099609375,,,22.3700008392334,
2002-01-29 00:00:00,1096.219970703125,9685.4296875,1452.1700439453125,466.6700134277344,,5128.10009765625,4299.0400390625,4835.9501953125,10518.990234375,9686.0595703125,,,23.260000228881836,3022.22607421875
2002-01-22 00:00:00,1122.199951171875,9618.240234375,1528.1500244140625,480.0400085449219,,5189.7001953125,4455.56005859375,5097.06005859375,10691.25,9791.4296875,,,21.1200008392334,2967.69677734375
2002-01-15 00:00:00,1133.280029296875,9713.7998046875,1558.260009765625,479.3500061035156,,5193.10009765625,4484.31005859375,5156.6298828125,10772.9599609375,10144.1396484375,,,21.010000228881836,2896.817626953125
2002-01-08 00:00:00,1127.5799560546875,9924.150390625,1548.219970703125,474.3699951171875,,5126.7998046875,4448.85009765625,5122.22998046875,10972.9599609375,10293.3203125,,,22.520000457763672,2784.06884765625
2002-01-01 00:00:00,1145.5999755859375,10150.5498046875,1634.1700439453125,489.94000244140625,,5198.60009765625,4554.68994140625,5209.97021484375,11166.4599609375,10441.58984375,,,22.600000381469727,3065.955810546875
2001-12-25 00:00:00,1172.510009765625,10021.5703125,1675.030029296875,499.29998779296875,,5323.7998046875,4682.7900390625,5318.72998046875,11702.150390625,10871.490234375,,,20.450000762939453,3265.84326171875
2001-12-18 00:00:00,1161.02001953125,10035.33984375,1621.1300048828125,493.6199951171875,,5242.39990234375,4624.580078125,5160.10009765625,11431.58984375,10542.6201171875,,,21.399999618530273,3307.302978515625
2001-12-11 00:00:00,1144.8900146484375,9998.3896484375,1578.27001953125,484.0199890136719,,5159.2001953125,4499.33984375,5019.009765625,11158.099609375,10335.4501953125,,,22.5,3330.902587890625
2001-12-04 00:00:00,1123.0899658203125,9888.3701171875,1605.6700439453125,471.2900085449219,,5061.0,4340.02001953125,4909.419921875,11466.1103515625,10511.650390625,,,24.6299991607666,3392.751953125
2001-11-27 00:00:00,1158.31005859375,9893.83984375,1673.9000244140625,481.2099914550781,,5264.7001953125,4642.93994140625,5199.02978515625,11832.1796875,10796.8896484375,,,23.489999771118164,3557.500244140625
2001-11-20 00:00:00,1139.449951171875,9872.599609375,1596.050048828125,460.7799987792969,,5203.60009765625,4476.06005859375,4989.91015625,11279.25,10697.4404296875,,,23.84000015258789,3513.71044921875
2001-11-13 00:00:00,1150.3399658203125,9901.3798828125,1577.469970703125,458.4200134277344,,5293.2001953125,4573.81982421875,5150.97021484375,11322.3603515625,10696.8203125,,,23.25,3444.87109375
2001-11-06 00:00:00,1138.6500244140625,9750.9501953125,1582.1400146484375,451.30999755859375,,5291.0,4587.2998046875,5062.64013671875,11287.3701171875,10649.08984375,,,25.06999969482422,3305.373046875
2001-10-30 00:00:00,1120.31005859375,9591.1201171875,1514.9599609375,438.1000061035156,,5244.2001953125,4514.27978515625,4910.06982421875,10609.25,10215.7099609375,,,27.440000534057617,3316.182861328125
2001-10-23 00:00:00,1087.199951171875,9121.98046875,1425.780029296875,433.07000732421875,,5129.5,4369.39990234375,4583.31005859375,10186.0595703125,10383.7802734375,,,30.709999084472656,3431.95166015625
2001-10-16 00:00:00,1104.6099853515625,9340.080078125,1454.9000244140625,438.6499938964844,,5188.7001953125,4478.6298828125,4820.259765625,10404.740234375,10795.16015625,,,28.420000076293945,3446.951171875
2001-10-09 00:00:00,1073.47998046875,9384.23046875,1347.5899658203125,425.70001220703125,,5017.7001953125,4264.89013671875,4513.52978515625,9825.83984375,10538.7900390625,,,34.11000061035156,3186.554443359375
2001-10-02 00:00:00,1091.6500244140625,9052.4404296875,1393.8399658203125,428.5899963378906,,5145.5,4336.8798828125,4625.1298828125,10274.1298828125,10632.349609375,,,35.27000045776367,3384.661865234375
2001-09-25 00:00:00,1071.3800048828125,8950.58984375,1271.72998046875,414.9700012207031,,5036.0,4164.759765625,4487.68994140625,10277.3798828125,10205.8701171875,,,33.38999938964844,
2001-09-18 00:00:00,1040.93994140625,8659.9697265625,1168.3699951171875,404.8699951171875,,4903.39990234375,4079.02001953125,4308.14990234375,9950.7001953125,9774.6796875,,,31.93000030517578,3498.5908203125
2001-09-11 00:00:00,965.7999877929688,8903.400390625,1126.949951171875,378.8900146484375,,4433.7001953125,3652.8701171875,3787.22998046875,8934.2001953125,9554.990234375,,,42.65999984741211,3578.149658203125
2001-09-04 00:00:00,1092.5400390625,9605.509765625,1365.3900146484375,440.7300109863281,,4755.7998046875,3909.489990234375,4115.97998046875,9655.4501953125,10008.8896484375,,,31.84000015258789,3663.348876953125
2001-08-28 00:00:00,1085.780029296875,9997.490234375,1354.27001953125,445.19000244140625,,5070.2998046875,4413.509765625,4730.669921875,10384.2001953125,10516.7900390625,,,30.989999771118164,3798.217529296875
2001-08-21 00:00:00,1133.5799560546875,10222.0302734375,1469.699951171875,468.55999755859375,,5345.0,4689.33984375,5188.169921875,11090.48046875,10713.509765625,,,24.920000076293945,3860.1767578125
2001-08-14 00:00:00,1184.9300537109375,10174.1396484375,1579.6199951171875,480.80999755859375,,5471.89990234375,4916.56005859375,5387.5,11110.2998046875,11166.3095703125,,,19.709999084472656,3987.625244140625
2001-08-07 00:00:00,1161.969970703125,10412.169921875,1516.5799560546875,475.6499938964844,,5342.10009765625,4777.3701171875,5222.1201171875,11754.8095703125,11445.5400390625,,,23.84000015258789,4007.375
2001-07-31 00:00:00,1190.1600341796875,10458.740234375,1617.449951171875,475.5199890136719,,5427.2001953125,4846.02001953125,5433.490234375,11765.8095703125,11735.0595703125,,,20.549999237060547,4068.604248046875
2001-07-24 00:00:00,1214.3499755859375,10522.8095703125,1725.9000244140625,487.1499938964844,,5547.60009765625,5031.2900390625,5735.8798828125,12269.080078125,12241.9697265625,,,19.889999389648438,4071.264404296875
2001-07-17 00:00:00,1205.8199462890625,10241.1201171875,1683.1800537109375,485.010009765625,,5403.10009765625,4967.14990234375,5754.85986328125,12182.169921875,11798.080078125,,,22.0,4340.201171875
2001-07-10 00:00:00,1210.8499755859375,10606.3896484375,1676.4599609375,487.92999267578125,,5387.10009765625,4880.7001953125,5764.06005859375,12301.6796875,11908.3896484375,,,22.34000015258789,4634.828125
2001-07-03 00:00:00,1215.6800537109375,10175.6396484375,1751.1099853515625,490.7099914550781,,5537.0,5025.240234375,5928.009765625,12612.7900390625,12355.150390625,,,21.139999389648438,4634.4482421875
2001-06-26 00:00:00,1190.5899658203125,10571.1103515625,1668.5899658203125,483.260009765625,,5479.2001953125,4999.35986328125,5862.10009765625,12999.48046875,12306.080078125,,,21.6299991607666,4648.13818359375
2001-06-19 00:00:00,1224.3800048828125,10472.48046875,1830.18994140625,512.6400146484375,,5642.5,5225.330078125,6058.3798828125,13042.5302734375,12969.0498046875,,,19.059999465942383,4716.84716796875
2001-06-12 00:00:00,1225.3499755859375,10596.669921875,1727.469970703125,488.6499938964844,,5665.7001953125,5183.669921875,5941.77001953125,13174.01953125,13044.6103515625,,,20.020000457763672,4723.91748046875
2001-06-05 00:00:00,1214.3599853515625,10948.3798828125,1701.530029296875,495.1300048828125,,5723.0,5243.83984375,5915.18017578125,13102.5,12790.3798828125,,,22.809999465942383,4745.32666015625
2001-05-29 00:00:00,1264.9599609375,11175.83984375,1896.219970703125,511.6400146484375,,5950.60009765625,5439.93017578125,6187.2099609375,13808.8896484375,13430.2197265625,,,19.920000076293945,4781.9560546875
2001-05-22 00:00:00,1260.6700439453125,11039.1396484375,1840.8299560546875,501.7200012207031,,5809.60009765625,5432.7099609375,6125.169921875,13141.3798828125,13261.83984375,,,21.59000015258789,4850.98583984375
2001-05-15 00:00:00,1277.8900146484375,11257.240234375,1960.739990234375,508.6199951171875,,5889.7998046875,5581.93994140625,6223.56982421875,13753.990234375,13765.919921875,,,20.600000381469727,4831.93603515625
2001-05-08 00:00:00,1291.9599609375,10872.9697265625,1927.68994140625,506.2799987792969,,5915.0,5638.240234375,6186.8701171875,13459.1796875,13877.76953125,,,21.229999542236328,4865.67578125
2001-05-01 00:00:00,1245.6700439453125,10883.509765625,1821.199951171875,487.3599853515625,,5896.7998046875,5567.25,6141.02001953125,13636.6103515625,14043.919921875,,,23.540000915527344,4854.24560546875
2001-04-24 00:00:00,1266.6099853515625,10898.33984375,1924.1199951171875,492.8900146484375,,5870.2998046875,5455.5498046875,6138.27978515625,13390.990234375,14421.6396484375,,,23.90999984741211,4802.53564453125
2001-04-17 00:00:00,1253.050048828125,10454.33984375,1810.469970703125,483.9700012207031,,5951.39990234375,5575.97021484375,6175.240234375,13386.0400390625,13934.3203125,,,24.020000457763672,4799.09619140625
2001-04-10 00:00:00,1242.97998046875,10216.73046875,1933.5699462890625,466.7099914550781,,5879.7998046875,5449.33984375,6127.97021484375,13448.1298828125,13765.669921875,,,25.3799991607666,4940.1845703125
2001-04-03 00:00:00,1183.5,10102.740234375,1714.2900390625,455.0199890136719,,5766.60009765625,5372.7099609375,6002.2998046875,12989.4697265625,13385.7197265625,,,26.1200008392334,5031.283203125
2001-03-27 00:00:00,1128.4300537109375,9485.7099609375,1448.1600341796875,434.6600036621094,,5601.5,5139.7099609375,5698.8798828125,12386.6103515625,13383.759765625,,,31.690000534057617,4927.23486328125
2001-03-20 00:00:00,1160.3299560546875,9947.5400390625,1573.25,450.5299987792969,,5633.7001953125,5180.4501953125,5829.9501953125,12760.6396484375,12999.7001953125,,,28.639999389648438,4965.9345703125
2001-03-13 00:00:00,1139.8299560546875,9720.759765625,1705.02001953125,443.2699890136719,,5402.2998046875,4951.1298828125,5544.669921875,12583.3603515625,13214.5400390625,,,30.450000762939453,4875.16552734375
2001-03-06 00:00:00,1150.530029296875,10290.7998046875,1647.510009765625,441.79998779296875,,5562.7998046875,5104.77001953125,5734.490234375,13522.0400390625,12232.98046875,,,29.90999984741211,4787.56640625
2001-02-27 00:00:00,1233.4200439453125,10591.2197265625,1813.02001953125,473.6499938964844,,5917.2998046875,5368.89013671875,6204.419921875,14194.349609375,12627.900390625,,,25.6200008392334,4731.9873046875
2001-02-20 00:00:00,1234.1800537109375,10636.8798828125,1881.3399658203125,476.8800048828125,,5858.60009765625,5291.919921875,6159.02001953125,13966.4296875,12261.7998046875,,,27.43000030517578,4578.5888671875
2001-02-13 00:00:00,1245.8599853515625,10730.8798828125,2056.06005859375,477.45001220703125,,5943.7001953125,5322.83984375,6075.33984375,15280.5595703125,13246.0,,,27.209999084472656,4413.2900390625
2001-02-06 00:00:00,1301.530029296875,10903.3203125,2212.510009765625,499.2799987792969,,6088.2998046875,5595.1298828125,6439.259765625,15630.3095703125,13175.490234375,,,22.1200008392334,4441.55029296875
2001-01-30 00:00:00,1314.760009765625,10957.419921875,2261.77001953125,497.04998779296875,,6164.2998046875,5712.35986328125,6497.06982421875,15873.2802734375,13422.830078125,,,22.030000686645508,4478.74951171875
2001-01-23 00:00:00,1349.469970703125,10881.2001953125,2472.179931640625,501.5,,6256.39990234375,5826.3701171875,6638.2001953125,16071.2900390625,13703.6298828125,,,21.950000762939453,
2001-01-16 00:00:00,1354.949951171875,10649.8095703125,2631.780029296875,498.67999267578125,,6294.2998046875,5925.6201171875,6695.2001953125,16044.2099609375,13696.0595703125,,,22.56999969482422,
2001-01-09 00:00:00,1342.5400390625,10652.66015625,2655.77001953125,488.0899963378906,,6209.2998046875,5845.72998046875,6651.52978515625,15933.5498046875,13989.1201171875,,,23.239999771118164,4743.31689453125
2001-01-02 00:00:00,1318.550048828125,10572.5498046875,2506.050048828125,485.75,,6165.5,5834.33984375,6490.02978515625,15295.419921875,13347.740234375,,,24.559999465942383,4793.50634765625
2000-12-26 00:00:00,1298.3499755859375,10646.150390625,2267.85009765625,463.1400146484375,,6198.10009765625,5758.02001953125,6382.31005859375,15447.6103515625,13867.6103515625,,,28.670000076293945,4790.986328125
2000-12-19 00:00:00,1320.280029296875,10692.4404296875,2341.699951171875,483.5299987792969,,6222.5,5926.419921875,6433.60986328125,15095.5302734375,13785.6904296875,,,26.850000381469727,4752.69677734375
2000-12-12 00:00:00,1305.949951171875,10584.3701171875,2436.260009765625,462.989990234375,,6097.5,5783.72998046875,6251.39990234375,14738.2099609375,13427.080078125,,,27.549999237060547,4720.8671875
2000-12-05 00:00:00,1312.1500244140625,10768.26953125,2543.090087890625,458.0299987792969,,6175.7998046875,5839.5400390625,6331.2998046875,14975.5302734375,14552.2900390625,,,26.549999237060547,4697.45703125
2000-11-28 00:00:00,1369.8900146484375,10898.7197265625,2895.389892578125,479.07000732421875,,6288.2998046875,5939.31982421875,6691.25,15189.330078125,14696.509765625,,,22.40999984741211,4747.88671875
2000-11-21 00:00:00,1315.22998046875,10507.580078125,2549.739990234375,456.8399963378906,,6170.39990234375,5928.5,6512.91015625,14441.4296875,14835.330078125,,,27.479999542236328,4851.265625
2000-11-14 00:00:00,1341.77001953125,10494.5,2830.090087890625,471.8699951171875,,6327.60009765625,6145.64990234375,6664.18017578125,14376.900390625,14315.349609375,,,26.0,4841.416015625
2000-11-07 00:00:00,1367.719970703125,10681.0595703125,2934.81005859375,482.6099853515625,,6440.10009765625,6161.919921875,6752.2900390625,15180.849609375,14544.2998046875,,,24.809999465942383,4953.83447265625
2000-10-31 00:00:00,1365.97998046875,10952.1796875,2890.260009765625,480.8999938964844,,6400.2001953125,6147.490234375,6851.68994140625,15389.3896484375,14988.5400390625,,,28.530000686645508,4826.06591796875
2000-10-24 00:00:00,1426.68994140625,10971.1396484375,3321.909912109375,507.75,,6385.39990234375,6398.919921875,7128.27001953125,15594.1201171875,14837.7802734375,,,23.670000076293945,4628.3681640625
2000-10-17 00:00:00,1379.5799560546875,10393.0703125,3175.25,479.8500061035156,,6366.60009765625,6268.93017578125,6924.68017578125,14902.4599609375,14582.2001953125,,,26.469999313354492,4602.51806640625
2000-10-10 00:00:00,1396.9300537109375,10089.7099609375,3456.610107421875,487.45001220703125,,6276.2998046875,6149.43994140625,6618.43017578125,15044.5302734375,15198.73046875,,,24.239999771118164,4611.92822265625
2000-10-03 00:00:00,1374.1700439453125,10524.400390625,3277.77001953125,480.3900146484375,,6209.60009765625,6064.2099609375,6661.2998046875,14680.5,15330.3095703125,,,27.600000381469727,4481.01953125
2000-09-26 00:00:00,1408.989990234375,10719.740234375,3311.93994140625,491.0199890136719,,6391.2001953125,6258.41015625,6776.39013671875,16184.6796875,15994.240234375,,,22.709999084472656,
2000-09-19 00:00:00,1436.510009765625,10631.3203125,3570.610107421875,521.3699951171875,,6294.2001953125,6266.6298828125,6798.1201171875,15648.98046875,15747.259765625,,,20.56999969482422,4523.60986328125
2000-09-12 00:00:00,1448.719970703125,10789.2900390625,3701.179931640625,518.8200073242188,,6205.89990234375,6258.580078125,6740.25,14612.8798828125,15818.25,,,20.739999771118164,4465.080078125
2000-09-05 00:00:00,1465.81005859375,11233.23046875,3676.330078125,530.8800048828125,,6417.2998046875,6614.64990234375,6999.5400390625,16249.5302734375,16213.2802734375,,,18.520000457763672,4710.7470703125
2000-08-29 00:00:00,1494.5,11260.6103515625,3813.43994140625,535.7000122070312,,6600.7001953125,6703.35986328125,7267.77001953125,17275.44921875,16501.55078125,,,18.459999084472656,4700.8271484375
2000-08-22 00:00:00,1520.77001953125,11215.099609375,4099.2998046875,541.9099731445312,,6795.0,6813.66015625,7344.669921875,17333.609375,16739.779296875,,,17.530000686645508,4782.87646484375
2000-08-15 00:00:00,1506.449951171875,11139.150390625,3931.25,525.1099853515625,,6563.7001953125,6595.10986328125,7307.169921875,17236.740234375,16911.330078125,,,16.530000686645508,4950.59423828125
2000-08-08 00:00:00,1491.719970703125,11067.0,3807.510009765625,515.510009765625,,6543.7001953125,6594.35009765625,7232.419921875,17440.0,16280.490234375,,,17.049999237060547,5006.82373046875
2000-08-01 00:00:00,1471.8399658203125,10976.8896484375,3644.610107421875,510.2699890136719,,6384.5,6553.0,7322.97998046875,17214.419921875,16117.5,,,18.549999237060547,5017.95361328125
2000-07-25 00:00:00,1462.9300537109375,10606.9501953125,3618.6298828125,503.6300048828125,,6363.5,6461.35009765625,7016.58984375,17425.69921875,15667.3603515625,,,18.6200008392334,4915.9150390625
2000-07-18 00:00:00,1419.8900146484375,10699.9697265625,3477.31005859375,490.2200012207031,,6335.7001953125,6415.72021484375,7128.2998046875,17183.9296875,15838.5703125,,,20.84000015258789,4852.65576171875
2000-07-11 00:00:00,1480.18994140625,10739.919921875,3908.75,522.7000122070312,,6378.39990234375,6464.1201171875,7373.259765625,17920.859375,16811.490234375,,,18.940000534057617,4797.56640625
2000-07-04 00:00:00,1509.97998046875,10727.1904296875,4041.14990234375,542.6300048828125,,6475.39990234375,6570.35986328125,7318.3798828125,17586.16015625,17142.900390625,,,19.31999969482422,4834.5556640625
2000-06-27 00:00:00,1478.9000244140625,10560.669921875,3841.27001953125,528.219970703125,,6497.5,6565.97021484375,7052.22021484375,16829.9609375,17398.240234375,,,19.219999313354492,4752.9765625
2000-06-20 00:00:00,1454.5999755859375,10504.4599609375,3763.7900390625,517.22998046875,,6312.7001953125,6446.5400390625,6898.2099609375,16155.7802734375,17411.05078125,,,19.540000915527344,4830.61572265625
2000-06-13 00:00:00,1441.47998046875,10435.16015625,3685.300048828125,510.4100036621094,,6391.5,6545.35009765625,6980.41015625,15738.080078125,16963.2109375,,,22.34000015258789,4808.255859375
2000-06-06 00:00:00,1464.4599609375,10621.83984375,3787.360107421875,513.739990234375,,6526.0,6456.259765625,7131.39990234375,16434.380859375,16318.3095703125,,,20.5,4757.11669921875
2000-05-30 00:00:00,1456.949951171875,10735.5703125,3760.260009765625,523.0599975585938,,6443.7998046875,6549.0498046875,7254.52978515625,16120.259765625,16861.91015625,,,22.139999389648438,4731.33740234375
2000-05-23 00:00:00,1477.260009765625,10527.1298828125,3755.669921875,513.030029296875,,6626.39990234375,6673.52001953125,7438.9501953125,15284.099609375,16800.060546875,,,21.479999542236328,4728.8271484375
2000-05-16 00:00:00,1378.02001953125,10422.26953125,3101.43994140625,457.3699951171875,,6216.89990234375,6129.14990234375,6938.330078125,13722.7001953125,16008.1396484375,,,24.469999313354492,4662.24755859375
2000-05-09 00:00:00,1406.949951171875,10934.5703125,3260.639892578125,479.70001220703125,,6045.39990234375,6196.0498046875,6989.02978515625,14478.259765625,16858.169921875,,,25.440000534057617,4479.31982421875
2000-05-02 00:00:00,1420.9599609375,10536.75,3406.25,490.94000244140625,,6283.5,6449.27001953125,7269.27978515625,15111.9404296875,17357.859375,,,26.049999237060547,4378.4013671875
2000-04-25 00:00:00,1432.6300048828125,10731.1201171875,3688.360107421875,512.8400268554688,,6238.7998046875,6545.759765625,7530.81982421875,15268.6396484375,18439.359375,,,27.530000686645508,
2000-04-18 00:00:00,1452.4300537109375,11124.8203125,3773.179931640625,506.25,,6327.39990234375,6419.72021484375,7414.68017578125,15519.2998046875,17973.69921875,,,26.200000762939453,4683.1171875
2000-04-11 00:00:00,1434.5400390625,10767.419921875,3505.2900390625,481.8399963378906,,6241.2001953125,6234.509765625,7157.9501953125,15367.1396484375,18252.6796875,,,25.850000381469727,4559.298828125
2000-04-04 00:00:00,1356.56005859375,11287.080078125,3207.9599609375,453.7200012207031,,6178.10009765625,6065.7099609375,7214.830078125,16142.759765625,20434.6796875,,,33.4900016784668,4619.13818359375
2000-03-28 00:00:00,1516.3499755859375,11164.83984375,4291.52978515625,542.989990234375,,6569.89990234375,6308.0400390625,7522.2001953125,16941.6796875,20252.810546875,,,24.389999389648438,4556.8388671875
2000-03-21 00:00:00,1498.5799560546875,10936.1103515625,4397.83984375,539.0900268554688,,6540.2001953125,6286.0498046875,7599.39013671875,17406.5390625,20337.3203125,,,24.110000610351562,4532.25927734375
2000-03-14 00:00:00,1527.4599609375,10907.33984375,4691.60986328125,574.010009765625,,6738.5,6364.259765625,7932.419921875,17784.5703125,19958.080078125,,,23.309999465942383,4461.6103515625
2000-03-07 00:00:00,1464.469970703125,9811.240234375,4440.4501953125,574.77001953125,,6558.0,6304.27978515625,7710.919921875,17082.990234375,19566.3203125,,,22.3700008392334,4314.95166015625
2000-02-29 00:00:00,1395.0699462890625,9796.0302734375,4587.16015625,603.8099975585938,,6568.7001953125,6510.27978515625,7975.9501953125,17831.859375,19750.400390625,,,21.239999771118164,4463.6103515625
2000-02-22 00:00:00,1409.1700439453125,10128.3095703125,4442.8701171875,597.8800048828125,,6487.5,6514.10986328125,7960.02978515625,17285.240234375,19927.5390625,,,19.209999084472656,4488.2197265625
2000-02-15 00:00:00,1333.3599853515625,10304.83984375,4178.580078125,556.739990234375,,6198.0,6188.64013671875,7738.68017578125,17200.98046875,19817.880859375,,,25.200000762939453,4262.7724609375
2000-02-08 00:00:00,1346.0899658203125,10718.08984375,3965.75,545.6799926757812,,6165.0,6062.72021484375,7573.77978515625,16599.16015625,19789.029296875,,,26.0,4356.55126953125
2000-02-01 00:00:00,1387.1199951171875,10957.599609375,3968.889892578125,537.0999755859375,,6193.2998046875,6287.009765625,7611.5498046875,17380.30078125,19710.01953125,,,24.420000076293945,
2000-01-25 00:00:00,1424.3699951171875,11041.0498046875,3874.3701171875,525.52001953125,,6185.0,6275.72021484375,7444.60986328125,15968.1201171875,19763.130859375,,,21.540000915527344,
2000-01-18 00:00:00,1360.1600341796875,11029.8896484375,3446.1298828125,504.6199951171875,,6375.60009765625,5731.0498046875,7066.60009765625,16185.9404296875,19434.779296875,,,26.139999389648438,3952.365478515625
2000-01-11 00:00:00,1441.3599853515625,11560.7197265625,3849.9599609375,533.9400024414062,,6346.2998046875,5681.31982421875,6992.75,15108.41015625,18878.08984375,,,20.81999969482422,3702.048583984375
2000-01-04 00:00:00,1465.1500244140625,11511.080078125,3704.739990234375,507.55999755859375,,6658.2001953125,5787.43994140625,7173.22021484375,15542.23046875,18956.55078125,,,19.65999984741211,3542.7802734375
1999-12-28 00:00:00,1441.469970703125,10997.9296875,3529.60009765625,488.30999755859375,,6504.7998046875,5539.60986328125,6780.9599609375,15405.6298828125,18193.41015625,,,21.719999313354492,3827.9970703125
1999-12-21 00:00:00,1469.25,11476.7099609375,3707.830078125,504.75,,6930.2001953125,5958.31982421875,6958.14013671875,16962.099609375,18934.33984375,,,24.639999389648438,3369.572509765625
1999-12-14 00:00:00,1458.3399658203125,11200.5400390625,3590.280029296875,482.42999267578125,,6806.5,5852.5,6782.39013671875,16833.279296875,18584.94921875,,,21.1200008392334,3326.052734375
1999-12-07 00:00:00,1421.030029296875,11160.169921875,3359.860107421875,466.2099914550781,,6724.60009765625,5502.39990234375,6353.89990234375,15986.349609375,18095.119140625,,,21.350000381469727,3481.23095703125
1999-11-30 00:00:00,1417.0400390625,11106.650390625,3203.280029296875,466.7099914550781,,6739.5,5481.10009765625,6097.89990234375,16380.2099609375,18271.849609375,,,21.479999542236328,3516.350341796875
1999-11-23 00:00:00,1433.300048828125,10877.8095703125,3172.3701171875,464.5799865722656,,6742.2001953125,5468.0498046875,6119.169921875,15840.41015625,18368.140625,,,19.31999969482422,3522.650390625
1999-11-16 00:00:00,1416.6199951171875,10995.6298828125,3116.6201171875,458.94000244140625,,6684.7998046875,5396.990234375,5958.06982421875,15274.5302734375,18914.5,,,22.329999923706055,3597.509765625
1999-11-09 00:00:00,1422.0,10932.330078125,3028.840087890625,461.2699890136719,,6482.2998046875,5263.22998046875,5955.97021484375,15073.099609375,18570.83984375,,,19.110000610351562,3695.888427734375
1999-11-02 00:00:00,1396.06005859375,10617.3203125,2888.909912109375,449.69000244140625,,6511.60009765625,5141.509765625,5791.0498046875,14189.669921875,18258.55078125,,,21.649999618530273,3705.118408203125
1999-10-26 00:00:00,1370.22998046875,10581.83984375,2755.699951171875,442.4100036621094,,6356.60009765625,4975.89990234375,5658.10009765625,13610.26953125,18354.900390625,,,21.65999984741211,3697.118408203125
1999-10-19 00:00:00,1362.9300537109375,10302.1298828125,2637.43994140625,428.6400146484375,,6255.7001953125,4888.6201171875,5525.39990234375,13256.9501953125,17942.080078125,,,22.200000762939453,3741.96826171875
1999-10-12 00:00:00,1301.6500244140625,10204.9296875,2485.89990234375,418.69000244140625,,6058.89990234375,4677.7998046875,5357.75,12863.080078125,17438.80078125,,,21.639999389648438,3727.48828125
1999-10-05 00:00:00,1247.4100341796875,10417.0595703125,2403.81005859375,414.70001220703125,,5907.2998046875,4524.419921875,5184.22998046875,12299.080078125,17601.5703125,,,28.75,3851.44677734375
1999-09-28 00:00:00,1336.02001953125,10400.58984375,2555.360107421875,427.7099914550781,,6199.39990234375,4721.93017578125,5419.259765625,13112.419921875,18062.1796875,,,20.489999771118164,3871.746826171875
1999-09-21 00:00:00,1282.81005859375,10275.5302734375,2404.449951171875,423.5299987792969,,5970.7001953125,4550.56982421875,5124.5498046875,12733.240234375,17712.560546875,,,24.93000030517578,3967.795654296875
1999-09-14 00:00:00,1277.3599853515625,10598.4697265625,2399.580078125,417.0899963378906,,5937.60009765625,4540.8701171875,5186.52978515625,13032.0703125,16871.73046875,,,27.790000915527344,4075.67431640625
1999-09-07 00:00:00,1335.4200439453125,10910.330078125,2536.909912109375,434.45001220703125,,6039.7998046875,4644.31982421875,5303.93994140625,13484.83984375,17342.26953125,,,23.299999237060547,4146.263671875
1999-08-31 00:00:00,1351.6600341796875,11034.1298828125,2534.610107421875,441.19000244140625,,6191.0,4745.47998046875,5483.9501953125,13855.9296875,17711.01953125,,,22.030000686645508,4210.66259765625
1999-08-24 00:00:00,1357.239990234375,10829.2802734375,2506.68994140625,435.9700012207031,,6332.2001953125,4672.3701171875,5336.22021484375,13178.3095703125,17629.990234375,,,20.979999542236328,4026.044921875
1999-08-17 00:00:00,1348.27001953125,11283.2998046875,2402.570068359375,432.45001220703125,,6375.2001953125,4642.7099609375,5420.35986328125,13383.1298828125,17599.369140625,,,21.829999923706055,4149.1337890625
1999-08-10 00:00:00,1336.6099853515625,11117.080078125,2315.070068359375,434.3800048828125,,6180.7998046875,4472.0,5254.14013671875,13566.740234375,18098.109375,,,22.950000762939453,4146.82373046875
1999-08-03 00:00:00,1327.6800537109375,10655.150390625,2307.06005859375,434.04998779296875,,6245.10009765625,4434.27978515625,5219.43017578125,12608.1796875,17435.169921875,,,22.309999465942383,3919.60595703125
1999-07-27 00:00:00,1300.2900390625,10677.3095703125,2212.14990234375,428.0400085449219,,6121.0,4223.64013671875,5010.47021484375,13167.0595703125,17084.240234375,,,26.600000381469727,4107.89404296875
1999-07-20 00:00:00,1328.719970703125,10979.0400390625,2270.929931640625,444.7699890136719,,6231.89990234375,4382.06005859375,5101.8701171875,13186.8603515625,17861.859375,,,24.639999389648438,4045.304931640625
1999-07-13 00:00:00,1356.93994140625,10996.1298828125,2302.02001953125,448.3800048828125,,6207.39990234375,4440.4501953125,5310.6298828125,13093.7001953125,17534.439453125,,,23.31999969482422,3990.17529296875
1999-07-06 00:00:00,1418.780029296875,11175.01953125,2459.47998046875,465.260009765625,,6563.2998046875,4656.7900390625,5619.93994140625,13545.240234375,18248.30078125,,,17.420000076293945,3844.786865234375
1999-06-29 00:00:00,1403.280029296875,11135.1201171875,2393.02001953125,457.9800109863281,,6562.60009765625,4647.830078125,5638.9501953125,14222.5703125,17937.73046875,,,17.959999084472656,4187.212890625
1999-06-22 00:00:00,1391.219970703125,10815.349609375,2347.8798828125,456.510009765625,,6491.89990234375,4620.669921875,5519.0498046875,14184.580078125,17932.470703125,,,18.65999984741211,4486.81982421875
1999-06-15 00:00:00,1315.31005859375,10721.6298828125,2185.760009765625,443.1099853515625,,6435.39990234375,4416.89013671875,5301.2099609375,13784.509765625,17436.51953125,,,21.760000228881836,4364.17138671875
1999-06-08 00:00:00,1342.8399658203125,10594.990234375,2205.4599609375,445.04998779296875,,6527.7998046875,4539.56005859375,5337.18994140625,13408.26953125,17431.259765625,,,21.75,3885.04638671875
1999-06-01 00:00:00,1293.6400146484375,10765.6396484375,2062.2900390625,438.010009765625,,6484.7998046875,4385.830078125,5296.009765625,12992.759765625,17198.55078125,,,25.899999618530273,3578.589599609375
1999-05-25 00:00:00,1327.75,10596.259765625,2109.409912109375,442.3299865722656,,6361.5,4344.25,5124.1298828125,12415.5400390625,16300.75,,,23.43000030517578,3352.602294921875
1999-05-18 00:00:00,1301.8399658203125,10531.08984375,2089.699951171875,438.67999267578125,,6226.2001953125,4315.0400390625,5070.97998046875,12059.25,15972.6796875,,,25.389999389648438,3184.724365234375
1999-05-11 00:00:00,1330.2900390625,10836.9501953125,2114.39990234375,449.1400146484375,,6353.10009765625,4398.1298828125,5253.77001953125,12272.1396484375,16292.98046875,,,24.399999618530273,2774.52880859375
1999-05-04 00:00:00,1337.800048828125,11026.150390625,2125.14990234375,443.1300048828125,,6300.39990234375,4323.830078125,5183.490234375,12855.51953125,16810.390625,,,26.860000610351562,2571.0712890625
1999-04-27 00:00:00,1345.0,10886.1103515625,2117.72998046875,436.1099853515625,,6356.0,4289.56005859375,5276.5,12997.4296875,16946.51953125,,,25.360000610351562,2766.178955078125
1999-04-20 00:00:00,1335.1800537109375,10831.7099609375,2136.389892578125,432.80999755859375,,6552.2001953125,4405.35009765625,5360.43994140625,13333.2001953125,16701.529296875,,,25.06999969482422,2793.4287109375
1999-04-13 00:00:00,1356.8499755859375,10448.5498046875,2210.43994140625,431.7300109863281,,6428.0,4262.43017578125,5187.89013671875,12905.2998046875,16923.25,,,22.760000228881836,2889.237548828125
1999-04-06 00:00:00,1319.0,10395.009765625,2086.4599609375,421.5799865722656,,6420.60009765625,4300.91015625,5143.02001953125,12490.2998046875,16851.580078125,,,23.899999618530273,2854.078125
1999-03-30 00:00:00,1348.3499755859375,9963.490234375,2232.469970703125,405.8599853515625,,6472.7998046875,4363.14013671875,5133.919921875,11914.099609375,16855.630859375,,,21.770000457763672,2956.106689453125
1999-03-23 00:00:00,1293.719970703125,9913.259765625,2146.1298828125,398.739990234375,,6330.0,4229.85009765625,4901.81005859375,11072.98046875,16290.1904296875,,,22.059999465942383,2908.857177734375
1999-03-16 00:00:00,1282.800048828125,9671.830078125,2067.300048828125,393.9200134277344,,6139.2001953125,4115.7099609375,4799.58984375,10803.3095703125,16016.990234375,,,24.040000915527344,2874.247802734375
1999-03-09 00:00:00,1299.2900390625,9930.4697265625,2053.68994140625,396.5799865722656,,6163.2001953125,4219.64990234375,5108.75,11082.919921875,16378.7802734375,,,24.31999969482422,2902.24755859375
1999-03-02 00:00:00,1294.5899658203125,9693.759765625,2008.9599609375,398.3800048828125,,6282.2001953125,4175.02978515625,5031.06005859375,10801.759765625,15488.8603515625,,,24.84000015258789,2928.75732421875
1999-02-23 00:00:00,1275.469970703125,9297.6103515625,1969.8699951171875,398.010009765625,,6205.5,4189.56005859375,4840.81005859375,10241.1201171875,14894.0,,,24.079999923706055,2867.318115234375
1999-02-16 00:00:00,1238.3299560546875,9544.419921875,1925.280029296875,392.260009765625,,6175.10009765625,4092.93994140625,4903.9599609375,9858.490234375,14367.5400390625,,,27.8799991607666,
1999-02-09 00:00:00,1239.219970703125,9297.0302734375,1931.5899658203125,392.29998779296875,,6031.2001953125,4130.47998046875,4823.259765625,9254.1201171875,14098.0400390625,,,29.299999237060547,
1999-02-02 00:00:00,1230.1300048828125,9133.0302734375,1958.5999755859375,398.44000244140625,,5950.7001953125,4060.360107421875,4896.740234375,9425.419921875,13973.6904296875,,,29.760000228881836,2755.269287109375
1999-01-26 00:00:00,1239.4000244140625,9274.1201171875,1988.550048828125,412.7200012207031,,5855.2998046875,4147.2998046875,5097.47998046875,9190.2001953125,13898.080078125,,,29.670000076293945,2756.63916015625
1999-01-19 00:00:00,1279.6400146484375,9324.580078125,2127.18994140625,427.2200012207031,,5896.0,4251.7998046875,5180.2900390625,9506.900390625,14499.25,,,26.25,2920.357177734375
1999-01-12 00:00:00,1225.18994140625,9355.2197265625,1964.2099609375,422.44000244140625,,5861.2001953125,4019.330078125,5008.2099609375,9738.51953125,14154.400390625,,,31.950000762939453,2972.756591796875
1999-01-05 00:00:00,1243.260009765625,9474.6796875,1981.6199951171875,427.04998779296875,,5941.0,4054.81005859375,4973.77978515625,10147.400390625,13738.8603515625,,,29.239999771118164,2903.867431640625
1998-12-29 00:00:00,1275.0899658203125,9311.1904296875,1973.6600341796875,431.2300109863281,,6147.2001953125,4245.419921875,5370.509765625,10722.7001953125,13391.8095703125,,,23.280000686645508,2981.096435546875
1998-12-22 00:00:00,1229.22998046875,9320.98046875,1836.010009765625,421.9599914550781,,5882.60009765625,3942.659912109375,5006.56982421875,10048.580078125,13842.169921875,,,24.420000076293945,2949.286865234375
1998-12-15 00:00:00,1226.27001953125,9044.4599609375,1806.0400390625,405.55999755859375,,5867.2001953125,3872.419921875,4978.6201171875,10292.2001953125,13797.9501953125,,,21.479999542236328,3014.35595703125
1998-12-08 00:00:00,1188.030029296875,8823.2998046875,1735.0,397.4200134277344,,5741.89990234375,3691.889892578125,4666.740234375,10226.23046875,14194.2900390625,,,25.040000915527344,2971.346435546875
1998-12-01 00:00:00,1166.4599609375,9027.98046875,1675.010009765625,395.3699951171875,,5541.7001953125,3695.699951171875,4543.02001953125,9952.0,14405.6396484375,,,27.719999313354492,3124.844970703125
1998-11-24 00:00:00,1176.739990234375,9133.5400390625,1630.010009765625,398.3699951171875,,5581.89990234375,3738.590087890625,4802.759765625,9963.1396484375,14639.9697265625,,,25.309999465942383,3149.78466796875
1998-11-17 00:00:00,1192.3299560546875,9301.150390625,1628.3499755859375,402.0899963378906,,5844.2001953125,3950.93994140625,5159.2099609375,10742.1103515625,15069.3896484375,,,22.09000015258789,3195.734375
1998-11-10 00:00:00,1163.550048828125,8986.2802734375,1544.219970703125,394.2900085449219,,5717.5,3802.699951171875,4911.43017578125,10233.3603515625,14779.9404296875,,,22.469999313354492,3314.81298828125
1998-11-03 00:00:00,1125.719970703125,8863.98046875,1465.219970703125,389.3599853515625,,5463.2001953125,3562.22998046875,4643.7998046875,9997.990234375,14268.2099609375,,,29.030000686645508,3264.693359375
1998-10-27 00:00:00,1141.010009765625,8706.150390625,1458.3399658203125,400.32000732421875,,5491.0,3588.6298828125,4809.72998046875,10139.75,14121.9697265625,,,25.700000762939453,3211.823974609375
1998-10-20 00:00:00,1098.6700439453125,8366.0400390625,1400.52001953125,378.1600036621094,,5438.39990234375,3522.929931640625,4690.990234375,10154.9404296875,13564.509765625,,,28.049999237060547,3112.505126953125
1998-10-13 00:00:00,1070.6700439453125,8505.849609375,1340.5999755859375,367.04998779296875,,5217.10009765625,3393.760009765625,4480.43017578125,9817.75,14144.7001953125,,,32.27000045776367,3141.234619140625
1998-10-06 00:00:00,1056.4200439453125,7938.14013671875,1293.9100341796875,342.8699951171875,,5133.10009765625,3390.10009765625,4469.1201171875,9777.009765625,13280.5400390625,,,34.81999969482422,3229.583984375
1998-09-29 00:00:00,984.3900146484375,7742.97998046875,1197.8699951171875,318.3999938964844,,4823.39990234375,3092.89990234375,3973.43994140625,8506.7900390625,12879.9697265625,,,42.20000076293945,3208.90380859375
1998-09-22 00:00:00,1002.5999755859375,8080.52001953125,1276.43994140625,349.7099914550781,,4750.39990234375,3039.139892578125,4019.31005859375,7883.4599609375,13223.6904296875,,,40.470001220703125,3283.333251953125
1998-09-15 00:00:00,1044.75,7897.2001953125,1390.0899658203125,369.0199890136719,,5061.0,3310.590087890625,4584.41015625,7701.60986328125,13723.83984375,,,34.54999923706055,3259.54345703125
1998-09-08 00:00:00,1020.0900268554688,8024.39013671875,1300.699951171875,363.260009765625,,5055.60009765625,3465.219970703125,4623.3701171875,7445.9599609375,13983.1201171875,,,38.630001068115234,3299.963134765625
1998-09-01 00:00:00,1009.0599975585938,8020.77978515625,1290.199951171875,353.6199951171875,,5118.60009765625,3578.340087890625,4754.64990234375,7578.47998046875,13916.98046875,,,43.7400016784668,3337.152587890625
1998-08-25 00:00:00,973.8900146484375,7827.43017578125,1205.4100341796875,347.07000732421875,,5167.0,3690.75,4864.97021484375,7488.47021484375,14042.91015625,,,43.310001373291016,3242.113525390625
1998-08-18 00:00:00,1027.1400146484375,8602.650390625,1265.0400390625,358.5400085449219,,5249.39990234375,3708.969970703125,4925.7998046875,7829.740234375,13915.6298828125,,,39.599998474121094,3211.9638671875
1998-08-11 00:00:00,1081.239990234375,8714.650390625,1374.77001953125,395.6400146484375,,5477.0,3943.679931640625,5190.60009765625,7527.60986328125,15298.2001953125,,,33.13999938964844,3401.841796875
1998-08-04 00:00:00,1062.75,8462.849609375,1330.0400390625,402.7900085449219,,5455.0,3994.909912109375,5473.72021484375,7224.68994140625,15123.9296875,,,34.34000015258789,3310.712890625
1998-07-28 00:00:00,1089.449951171875,8487.3095703125,1364.0699462890625,415.79998779296875,,5680.39990234375,4041.8798828125,5598.31982421875,7018.41015625,15829.169921875,,,27.020000457763672,3584.4296875
1998-07-21 00:00:00,1120.6700439453125,8934.7802734375,1377.260009765625,419.75,,5837.10009765625,4177.31005859375,5861.18994140625,7936.2001953125,16378.9697265625,,,24.799999237060547,3743.968017578125
1998-07-14 00:00:00,1140.800048828125,9190.1904296875,1408.5999755859375,438.5799865722656,,5892.2998046875,4205.41015625,6040.580078125,8257.4599609375,16361.8896484375,,,23.010000228881836,3795.8974609375
1998-07-07 00:00:00,1186.75,9245.5400390625,1463.969970703125,462.3599853515625,,6174.0,4388.47998046875,6162.85986328125,8628.9296875,16570.779296875,,,16.229999542236328,3652.708984375
1998-06-30 00:00:00,1164.3299560546875,9085.0400390625,1391.1099853515625,458.42999267578125,,5929.7001953125,4256.35009765625,6001.240234375,8205.76953125,16090.0595703125,,,17.920000076293945,3846.456787109375
1998-06-23 00:00:00,1146.4200439453125,8952.01953125,1332.530029296875,458.30999755859375,,5988.39990234375,4304.3798828125,5961.4501953125,8639.3095703125,16511.240234375,,,17.670000076293945,3829.3271484375
1998-06-16 00:00:00,1133.199951171875,8828.4599609375,1320.93994140625,450.2699890136719,,5877.39990234375,4215.7001953125,5870.490234375,8607.8603515625,15210.0400390625,,,19.360000610351562,3916.885986328125
1998-06-09 00:00:00,1100.6500244140625,8665.2900390625,1239.7099609375,438.4700012207031,,5748.10009765625,4027.320068359375,5644.22021484375,8591.91015625,15267.98046875,,,21.920000076293945,4021.874755859375
1998-06-02 00:00:00,1098.8399658203125,9049.919921875,1186.989990234375,441.5899963378906,,5769.7998046875,4050.760009765625,5631.33984375,7915.43994140625,15022.330078125,,,22.780000686645508,4056.474609375
1998-05-26 00:00:00,1113.8599853515625,8891.240234375,1206.699951171875,454.239990234375,,5947.2998046875,4185.0498046875,5724.75,8569.4697265625,15323.4296875,,,19.780000686645508,4169.98291015625
1998-05-19 00:00:00,1090.8199462890625,8963.73046875,1192.0699462890625,456.6199951171875,,5870.7001953125,4041.159912109375,5556.990234375,8934.5595703125,15670.7802734375,,,21.31999969482422,4185.02294921875
1998-05-12 00:00:00,1110.469970703125,9054.650390625,1214.1300048828125,462.989990234375,,5955.60009765625,4049.780029296875,5530.18994140625,9555.98046875,15801.650390625,,,18.989999771118164,4141.0234375
1998-05-05 00:00:00,1108.72998046875,9161.76953125,1249.489990234375,472.44000244140625,,5917.7998046875,3990.22998046875,5414.31005859375,9538.3896484375,15242.8603515625,,,20.440000534057617,4205.3828125
1998-04-28 00:00:00,1108.1400146484375,9147.5703125,1254.030029296875,479.510009765625,,5969.7998046875,3906.360107421875,5270.60986328125,10060.3798828125,15149.0,,,20.56999969482422,4180.26318359375
1998-04-21 00:00:00,1121.0,8898.9599609375,1251.530029296875,484.94000244140625,,6010.2998046875,3880.919921875,5241.22998046875,10563.6796875,15601.099609375,,,19.34000015258789,4180.9033203125
1998-04-14 00:00:00,1107.9000244140625,9184.9404296875,1250.1400146484375,480.32000732421875,,5863.89990234375,3788.699951171875,5144.419921875,10879.900390625,16011.240234375,,,21.969999313354492,4141.54345703125
1998-04-07 00:00:00,1122.719970703125,9110.2001953125,1231.25,487.010009765625,,5922.2001953125,3861.60009765625,5326.6298828125,11001.2998046875,15703.7998046875,,,20.760000228881836,4141.16357421875
1998-03-31 00:00:00,1110.6700439453125,8956.5,1196.9000244140625,480.0400085449219,,6105.5,3894.5,5312.25,11342.0,16481.119140625,,,21.510000228881836,4249.00244140625
1998-03-24 00:00:00,1122.699951171875,8799.8095703125,1233.6600341796875,485.7900085449219,,6064.2001953125,3932.0,5254.31982421875,11052.7001953125,15517.7802734375,,,21.81999969482422,4190.462890625
1998-03-17 00:00:00,1095.43994140625,8904.4404296875,1211.6400146484375,477.1499938964844,,5939.2998046875,3810.199951171875,5066.89990234375,11735.5,16739.259765625,,,23.469999313354492,4009.2451171875
1998-03-10 00:00:00,1099.1600341796875,8749.990234375,1169.4300537109375,474.25,,5956.2998046875,3688.89990234375,5045.16015625,11564.2001953125,16830.470703125,,,18.690000534057617,3960.0556640625
1998-03-03 00:00:00,1068.6099853515625,8643.1201171875,1169.2900390625,468.7699890136719,,5782.2998046875,3540.199951171875,4872.240234375,11057.0,17060.140625,,,18.709999084472656,3940.796142578125
1998-02-24 00:00:00,1055.68994140625,8584.830078125,1163.1099853515625,463.7200012207031,,5782.89990234375,3483.199951171875,4762.7099609375,10919.5,17131.970703125,,,19.139999389648438,3961.28564453125
1998-02-17 00:00:00,1049.3399658203125,8370.099609375,1194.1300048828125,461.8299865722656,,5767.2998046875,3421.89990234375,4693.85986328125,11480.7001953125,16831.669921875,,,18.549999237060547,4081.64404296875
1998-02-10 00:00:00,1034.2099609375,8398.5,1159.72998046875,453.989990234375,,5751.60009765625,3262.5,4583.02978515625,10600.0,16756.240234375,,,19.0,4173.14306640625
1998-02-03 00:00:00,1020.0900268554688,8295.6103515625,1136.68994140625,454.2900085449219,,5582.2998046875,3187.699951171875,4522.419921875,10274.599609375,16791.009765625,,,19.84000015258789,4203.302734375
1998-01-27 00:00:00,1012.4600219726562,8160.35009765625,1134.3199462890625,445.5,,5629.7001953125,3216.699951171875,4536.91015625,10485.900390625,17040.060546875,,,20.510000228881836,
1998-01-20 00:00:00,980.280029296875,7815.080078125,1071.1300048828125,430.04998779296875,,5458.5,3172.10009765625,4442.52978515625,9252.400390625,16628.470703125,,,21.469999313354492,
1998-01-13 00:00:00,957.5900268554688,7873.10009765625,1024.469970703125,424.80999755859375,,5181.39990234375,2966.199951171875,4222.16015625,8920.2001953125,16789.109375,,,23.31999969482422,4165.23291015625
1998-01-06 00:00:00,961.510009765625,7732.10009765625,1005.8699951171875,426.25,,5263.10009765625,2976.10009765625,4216.240234375,8900.0,16046.4501953125,,,21.649999618530273,4164.30322265625
1997-12-30 00:00:00,927.6900024414062,7906.25,956.1900024414062,412.95001220703125,,5138.2998046875,2919.800048828125,4237.75,8894.599609375,14995.099609375,,,28.690000534057617,4278.90234375
1997-12-23 00:00:00,975.0399780273438,7916.0,1008.22998046875,436.5199890136719,,5193.5,3038.699951171875,4364.31982421875,10680.599609375,15258.740234375,,,23.420000076293945,4184.79296875
1997-12-16 00:00:00,936.4600219726562,7691.7998046875,954.0700073242188,421.489990234375,,5013.89990234375,2875.10009765625,4132.7900390625,10342.400390625,14802.599609375,,,29.270000457763672,4165.97314453125
1997-12-09 00:00:00,946.780029296875,7976.2998046875,969.9000244140625,420.0299987792969,,5020.2001953125,2822.89990234375,4055.35009765625,10405.7998046875,15314.8896484375,,,29.18000030517578,4150.603515625
1997-12-02 00:00:00,953.3900146484375,8049.7001953125,978.489990234375,422.6300048828125,,5045.2001953125,2830.300048828125,4061.909912109375,10614.7001953125,15904.2998046875,,,27.920000076293945,4260.66259765625
1997-11-25 00:00:00,983.7899780273438,8018.7998046875,1070.27001953125,438.05999755859375,,5142.89990234375,2910.10009765625,4191.81005859375,11527.599609375,16424.48046875,,,22.649999618530273,4222.0625
1997-11-18 00:00:00,955.4000244140625,7809.0,1050.510009765625,429.9200134277344,,4831.7998046875,2854.39990234375,3972.080078125,10526.900390625,16636.259765625,,,27.43000030517578,4268.4423828125
1997-11-11 00:00:00,963.0900268554688,7650.7998046875,1056.5899658203125,435.04998779296875,,4985.7998046875,2861.699951171875,3941.909912109375,10548.2001953125,16721.580078125,,,26.649999618530273,4383.3310546875
1997-11-04 00:00:00,928.3499755859375,7558.7001953125,1027.8499755859375,428.4100036621094,,4741.7998046875,2698.89990234375,3676.64990234375,9957.2998046875,15082.51953125,,,33.65999984741211,4608.828125
1997-10-28 00:00:00,927.510009765625,7689.10009765625,1028.3199462890625,435.2200012207031,,4764.39990234375,2707.10009765625,3715.3798828125,10104.5,15836.3603515625,,,36.27000045776367,4659.2578125
1997-10-21 00:00:00,914.6199951171875,7498.2998046875,1019.6199951171875,433.260009765625,,4842.2998046875,2739.300048828125,3753.659912109375,10623.7998046875,16458.939453125,,,35.09000015258789,4523.26953125
1997-10-14 00:00:00,941.6400146484375,8060.39990234375,1057.3399658203125,447.5299987792969,,4970.2001953125,2849.0,3981.43994140625,11144.2998046875,17363.740234375,,,23.170000076293945,4654.078125
1997-10-07 00:00:00,944.1599731445312,8096.2998046875,1075.1199951171875,449.2900085449219,,5271.10009765625,2958.0,4049.159912109375,13601.0,17478.419921875,,,21.690000534057617,4390.19140625
1997-09-30 00:00:00,966.97998046875,8178.2998046875,1137.77001953125,465.0299987792969,,5227.2998046875,2955.10009765625,4164.6201171875,14273.099609375,17376.919921875,,,19.75,4067.454345703125
1997-09-23 00:00:00,965.030029296875,7945.2998046875,1124.43994140625,459.5199890136719,,5330.7998046875,3094.0,4266.169921875,15128.0,17647.44921875,,,21.540000915527344,3916.916015625
1997-09-16 00:00:00,945.219970703125,7970.10009765625,1106.8199462890625,448.8800048828125,,5226.2998046875,2985.60009765625,4135.08984375,14710.900390625,17994.7109375,,,22.260000228881836,3935.60595703125
1997-09-09 00:00:00,950.510009765625,7895.89990234375,1118.6800537109375,447.1700134277344,,5023.7998046875,2977.199951171875,3983.06005859375,14384.099609375,18058.2109375,,,22.739999771118164,4238.91259765625
1997-09-02 00:00:00,923.9099731445312,7851.89990234375,1106.0699462890625,440.0899963378906,,4848.2001953125,2834.10009765625,3796.610107421875,14470.5,17965.80078125,,,25.170000076293945,4365.5712890625
1997-08-26 00:00:00,929.0499877929688,7879.7998046875,1111.1500244140625,433.0400085449219,,4994.2001953125,2924.5,4073.7099609375,14563.599609375,18650.169921875,,,24.309999465942383,4491.2197265625
1997-08-19 00:00:00,899.469970703125,7782.2001953125,1074.050048828125,423.42999267578125,,4817.5,2770.5,3919.7900390625,14135.2001953125,18229.419921875,,,24.760000228881836,4398.6806640625
1997-08-12 00:00:00,923.5399780273438,7918.10009765625,1110.9100341796875,415.7300109863281,,4901.10009765625,2904.199951171875,4090.139892578125,15429.7998046875,18650.169921875,,,24.739999771118164,4242.0126953125
1997-08-05 00:00:00,900.8099975585938,7960.7998046875,1076.6700439453125,408.5799865722656,,4865.7998046875,2921.800048828125,4077.590087890625,16096.900390625,19326.029296875,,,24.450000762939453,
1997-07-29 00:00:00,933.5399780273438,8187.5,1115.02001953125,414.19000244140625,,5031.2998046875,2996.300048828125,4342.31005859375,16647.5,19604.4609375,,,22.459999084472656,
1997-07-22 00:00:00,947.1400146484375,8174.5,1108.93994140625,414.2099914550781,,4899.2998046875,3049.5,4336.97998046875,16379.2001953125,19804.380859375,,,22.290000915527344,
1997-07-15 00:00:00,938.7899780273438,8061.60009765625,1085.3900146484375,408.5400085449219,,4851.5,3025.89990234375,4368.5400390625,15658.099609375,20389.5390625,,,20.81999969482422,
1997-07-08 00:00:00,915.2999877929688,7975.7001953125,1070.989990234375,405.8900146484375,,4877.2001953125,2876.699951171875,4131.93994140625,15570.400390625,20249.3203125,,,22.280000686645508,
1997-07-01 00:00:00,916.6799926757812,7962.2998046875,1015.6199951171875,402.260009765625,,4799.5,2941.60009765625,4074.300048828125,15225.2998046875,19875.490234375,,,19.059999465942383,
1997-06-24 00:00:00,916.9199829101562,7722.2998046875,986.52001953125,396.1700134277344,,4812.7998046875,2934.5,3946.72998046875,14823.0,19968.0,,,17.81999969482422,
1997-06-17 00:00:00,887.2999877929688,7758.06005859375,963.010009765625,392.5299987792969,,4640.2998046875,2891.0,3809.919921875,15196.7998046875,20523.75,,,21.219999313354492,
1997-06-10 00:00:00,898.7000122070312,7760.7998046875,981.4099731445312,393.6000061035156,,4593.89990234375,2757.10009765625,3788.5400390625,15154.400390625,20385.5390625,,,20.200000762939453,
1997-06-03 00:00:00,893.27001953125,7539.27001953125,964.4000244140625,392.07000732421875,,4783.10009765625,2808.5,3752.3701171875,14112.599609375,20528.349609375,,,19.270000457763672,
1997-05-27 00:00:00,858.010009765625,7312.10009765625,944.989990234375,387.1400146484375,,4645.0,2719.300048828125,3700.530029296875,14655.099609375,20485.75,,,18.940000534057617,
1997-05-20 00:00:00,848.280029296875,7383.39990234375,958.8499755859375,380.760009765625,,4621.2998046875,2583.89990234375,3562.72998046875,14757.7998046875,20068.810546875,,,19.190000534057617,
1997-05-13 00:00:00,847.030029296875,7303.5,959.0800170898438,375.6700134277344,,4661.7998046875,2762.89990234375,3621.719970703125,14331.7001953125,20009.0,,,18.079999923706055,
1997-05-06 00:00:00,829.75,7274.2001953125,915.2899780273438,365.2799987792969,,4693.89990234375,2784.300048828125,3569.260009765625,14062.400390625,20324.73046875,,,21.56999969482422,
1997-04-29 00:00:00,824.780029296875,7225.2998046875,919.0800170898438,361.4200134277344,,4630.89990234375,2633.89990234375,3533.2099609375,13930.7998046875,19802.779296875,,,20.110000610351562,
1997-04-22 00:00:00,812.969970703125,6962.0,909.489990234375,353.9800109863281,,4455.60009765625,2655.300048828125,3491.080078125,13081.7001953125,19514.75,,,17.510000228881836,
1997-04-15 00:00:00,765.3699951171875,6833.60009765625,818.5700073242188,335.8500061035156,,4369.7001953125,2536.300048828125,3357.570068359375,12645.7998046875,18612.859375,,,21.149999618530273,
1997-04-08 00:00:00,766.3400268554688,6587.16015625,816.4299926757812,341.739990234375,,4310.5,2547.60009765625,3361.199951171875,12541.099609375,18352.140625,,,18.75,
1997-04-01 00:00:00,737.6500244140625,6609.2001953125,789.969970703125,339.25,,4270.7001953125,2574.60009765625,3319.239990234375,12516.599609375,17846.98046875,,,19.760000228881836,
1997-03-25 00:00:00,757.9000244140625,6611.0498046875,822.4000244140625,340.8399963378906,,4236.60009765625,2518.0,3235.35009765625,12204.599609375,17860.58984375,,,19.229999542236328,
1997-03-18 00:00:00,773.8800048828125,6876.169921875,818.739990234375,348.95001220703125,,4312.89990234375,2656.699951171875,3407.830078125,12534.2998046875,18189.720703125,,,20.5,
1997-03-11 00:00:00,784.0999755859375,6896.56005859375,812.72998046875,351.7300109863281,,4254.7998046875,2587.10009765625,3288.52001953125,12489.2998046875,18633.16015625,,,19.690000534057617,
1997-03-04 00:00:00,793.1699829101562,7085.16015625,838.97998046875,361.0400085449219,,4424.2998046875,2645.60009765625,3404.2900390625,12736.5,17923.640625,,,19.809999465942383,
1997-02-25 00:00:00,804.969970703125,6852.72021484375,841.030029296875,365.4599914550781,,4420.2998046875,2708.300048828125,3419.510009765625,13337.400390625,18198.740234375,,,19.31999969482422,
1997-02-18 00:00:00,790.8200073242188,7037.830078125,850.4600219726562,360.04998779296875,,4308.2998046875,2607.800048828125,3261.0400390625,13398.7001953125,18557.0,,,21.100000381469727,
1997-02-11 00:00:00,801.77001953125,7067.4599609375,864.280029296875,366.3699951171875,,4336.7998046875,2562.800048828125,3203.7900390625,13444.900390625,19034.5390625,,,20.549999237060547,
1997-02-04 00:00:00,808.47998046875,6858.10986328125,899.9099731445312,369.1300048828125,,4341.0,2627.39990234375,3249.169921875,13113.2998046875,18722.0,,,19.18000030517578,
1997-01-28 00:00:00,789.5599975585938,6833.47998046875,899.8400268554688,366.75,,4307.7998046875,2597.5,3161.360107421875,13660.5,17867.0390625,,,18.899999618530273,
1997-01-21 00:00:00,786.1599731445312,6656.080078125,921.5499877929688,369.45001220703125,,4275.7998046875,2516.60009765625,3037.699951171875,13321.7998046875,18330.009765625,,,19.469999313354492,
1997-01-14 00:00:00,770.52001953125,6883.89990234375,898.3699951171875,368.1400146484375,,4218.7998046875,2430.300048828125,2982.6298828125,13379.599609375,17689.359375,,,19.329999923706055,
1997-01-07 00:00:00,776.1699829101562,6762.2900390625,883.4400024414062,367.8800048828125,,4207.7001953125,2425.10009765625,3006.8701171875,13856.400390625,18090.0390625,,,18.6299991607666,
1996-12-31 00:00:00,759.5,6600.66015625,865.5800170898438,366.0899963378906,,4056.60009765625,2327.5,2915.81005859375,13191.5,17303.650390625,,,19.6299991607666,
1996-12-24 00:00:00,748.030029296875,6448.27001953125,848.1699829101562,361.8500061035156,,4089.5,2282.800048828125,2863.260009765625,13222.7998046875,19361.349609375,,,19.1299991607666,
1996-12-17 00:00:00,756.7899780273438,6522.85009765625,835.4600219726562,359.1700134277344,,4091.0,2307.0,2859.219970703125,13404.099609375,19369.0390625,,,19.1299991607666,
1996-12-10 00:00:00,748.8699951171875,6308.330078125,834.0499877929688,356.7099914550781,,4077.60009765625,2278.5,2835.5400390625,13131.400390625,19690.4609375,,,18.850000381469727,
1996-12-03 00:00:00,728.6400146484375,6473.25,828.4500122070312,354.17999267578125,,3972.39990234375,2203.39990234375,2815.77001953125,12784.099609375,20341.390625,,,21.09000015258789,
1996-11-26 00:00:00,739.5999755859375,6442.68994140625,827.2100219726562,355.5,,3963.0,2240.699951171875,2832.530029296875,13102.7001953125,20276.69921875,,,18.81999969482422,
1996-11-19 00:00:00,757.02001953125,6528.41015625,834.010009765625,354.1099853515625,,4058.0,2315.699951171875,2848.840087890625,13393.900390625,21020.359375,,,17.139999389648438,
1996-11-12 00:00:00,748.72998046875,6397.60009765625,818.3699951171875,349.9200134277344,,4018.699951171875,2255.5,2769.469970703125,13116.7998046875,21216.109375,,,14.920000076293945,
1996-11-05 00:00:00,737.6199951171875,6266.0400390625,799.4400024414062,346.5199890136719,,3958.199951171875,2240.300048828125,2800.60009765625,12889.400390625,20929.73046875,,,14.359999656677246,
1996-10-29 00:00:00,730.8200073242188,6081.18017578125,798.6599731445312,344.55999755859375,,3910.800048828125,2205.199951171875,2732.2900390625,12751.2001953125,21201.0390625,,,15.779999732971191,
1996-10-22 00:00:00,703.77001953125,6007.02001953125,755.510009765625,339.760009765625,,3948.5,2140.5,2670.18994140625,12529.2998046875,20633.060546875,,,17.889999389648438,
1996-10-15 00:00:00,700.9199829101562,6061.7998046875,743.5499877929688,342.9700012207031,,4022.39990234375,2162.39990234375,2690.7900390625,12388.400390625,20739.970703125,,,17.290000915527344,
1996-10-08 00:00:00,710.8200073242188,6004.77978515625,756.8300170898438,347.8500061035156,,4053.10009765625,2185.199951171875,2727.56005859375,12510.099609375,21612.30078125,,,15.079999923706055,
1996-10-01 00:00:00,700.6599731445312,5966.77001953125,765.6400146484375,347.8900146484375,,4028.10009765625,2147.10009765625,2692.68994140625,12218.400390625,20968.16015625,,,15.069999694824219,
1996-09-24 00:00:00,701.4600219726562,5904.89990234375,759.1199951171875,349.29998779296875,,4024.800048828125,2152.699951171875,2704.25,11905.5,21148.029296875,,,14.800000190734863,
1996-09-17 00:00:00,686.1900024414062,5874.02978515625,744.72998046875,345.5199890136719,,3946.39990234375,2107.10009765625,2659.860107421875,11759.400390625,21547.01953125,,,16.100000381469727,
1996-09-10 00:00:00,687.030029296875,5888.830078125,743.4199829101562,342.82000732421875,,3964.10009765625,2079.5,2641.5,11592.400390625,21112.240234375,,,15.649999618530273,
1996-09-03 00:00:00,680.5399780273438,5727.18017578125,707.8599853515625,340.7900085449219,,3967.89990234375,2080.39990234375,2614.5,11369.0,20842.640625,,,15.199999809265137,
1996-08-27 00:00:00,655.6799926757812,5648.39013671875,664.219970703125,334.1000061035156,,3893.0,2004.800048828125,2542.739990234375,11025.599609375,20152.529296875,,,17.100000381469727,
1996-08-20 00:00:00,651.989990234375,5711.27001953125,663.5700073242188,333.8800048828125,,3867.60009765625,1970.5999755859375,2534.489990234375,11159.0,20166.900390625,,,17.010000228881836,
1996-08-13 00:00:00,667.030029296875,5721.259765625,677.5700073242188,331.7699890136719,,3907.5,2020.800048828125,2562.1201171875,11424.599609375,21228.80078125,,,14.180000305175781,
1996-08-06 00:00:00,665.2100219726562,5647.27978515625,672.280029296875,328.9100036621094,,3872.89990234375,1979.5,2567.9599609375,11176.0,20834.0,,,14.8100004196167,
1996-07-30 00:00:00,662.0999755859375,5696.10986328125,678.3099975585938,327.44000244140625,,3810.699951171875,1985.4000244140625,2532.9599609375,11104.0,20551.05078125,,,15.770000457763672,
1996-07-23 00:00:00,662.489990234375,5481.93017578125,667.8400268554688,324.4100036621094,,3770.60009765625,2023.4000244140625,2520.260009765625,10962.0,20940.41015625,,,16.190000534057617,
1996-07-16 00:00:00,635.9000244140625,5346.5498046875,633.3900146484375,314.57000732421875,,3673.300048828125,1962.9000244140625,2469.510009765625,10705.599609375,21124.900390625,,,17.450000762939453,
1996-07-09 00:00:00,638.72998046875,5358.759765625,633.0499877929688,321.5400085449219,,3710.5,1992.800048828125,2498.35009765625,10845.2998046875,21476.2890625,,,17.260000228881836,
1996-07-02 00:00:00,646.1900024414062,5581.85986328125,635.0599975585938,323.69000244140625,,3728.300048828125,2050.60009765625,2548.969970703125,10802.7001953125,21656.44921875,,,17.09000015258789,
1996-06-25 00:00:00,657.4400024414062,5720.3798828125,657.6799926757812,339.7799987792969,,3743.199951171875,2098.800048828125,2568.7900390625,11177.099609375,22232.419921875,,,16.09000015258789,
1996-06-18 00:00:00,670.6300048828125,5719.27001953125,677.2999877929688,346.6099853515625,,3711.0,2123.699951171875,2570.43994140625,11020.900390625,22530.75,,,13.680000305175781,
1996-06-11 00:00:00,666.8400268554688,5628.02978515625,672.530029296875,345.2099914550781,,3722.300048828125,2084.199951171875,2547.780029296875,10855.2998046875,22530.650390625,,,15.800000190734863,
1996-06-04 00:00:00,665.8499755859375,5668.66015625,681.1300048828125,355.0799865722656,,3753.60009765625,2111.800048828125,2544.89990234375,10865.0,22289.390625,,,18.639999389648438,
1996-05-28 00:00:00,673.3099975585938,5665.7099609375,691.4600219726562,358.8399963378906,,3706.800048828125,2102.0,2536.030029296875,11196.599609375,21751.810546875,,,16.100000381469727,
1996-05-21 00:00:00,669.1199951171875,5709.669921875,692.3900146484375,361.8500061035156,,3747.800048828125,2110.10009765625,2523.81005859375,11264.7001953125,21956.189453125,,,16.06999969482422,
1996-05-14 00:00:00,678.510009765625,5736.259765625,688.9099731445312,364.5899963378906,,3752.10009765625,2117.699951171875,2549.530029296875,11019.2001953125,21798.4296875,,,15.539999961853027,
1996-05-07 00:00:00,668.9099731445312,5624.7099609375,690.8099975585938,360.6300048828125,,3789.60009765625,2136.89990234375,2552.2900390625,10816.900390625,21916.599609375,,,15.130000114440918,
1996-04-30 00:00:00,652.0900268554688,5420.9501953125,672.5399780273438,351.1499938964844,,3754.39990234375,2114.800048828125,2499.02001953125,10597.7001953125,21420.119140625,,,15.609999656677246,
1996-04-23 00:00:00,641.6300048828125,5569.080078125,661.0700073242188,346.8500061035156,,3751.60009765625,2115.39990234375,2472.429931640625,10734.2001953125,21662.380859375,,,16.700000762939453,
1996-04-16 00:00:00,653.4600219726562,5588.58984375,666.6500244140625,347.8299865722656,,3832.800048828125,2138.39990234375,2539.8798828125,10732.7998046875,22235.029296875,,,14.75,
1996-04-09 00:00:00,645.0700073242188,5620.02001953125,633.010009765625,338.510009765625,,3857.10009765625,2092.5,2535.860107421875,10818.5,21883.83984375,,,15.119999885559082,
1996-04-02 00:00:00,636.7100219726562,5560.41015625,605.0499877929688,331.17999267578125,,3766.800048828125,2074.699951171875,2526.739990234375,10849.7998046875,21660.470703125,,,17.3799991607666,
1996-03-26 00:00:00,655.8599853515625,5671.68017578125,618.0,334.7900085449219,,3755.60009765625,2075.0,2498.75,11139.900390625,21695.83984375,,,16.18000030517578,
1996-03-19 00:00:00,645.5,5670.60009765625,609.6900024414062,330.7699890136719,,3699.699951171875,2044.800048828125,2489.35009765625,10957.2001953125,21406.849609375,,,18.8799991607666,
1996-03-12 00:00:00,650.6199951171875,5669.509765625,612.8800048828125,329.4800109863281,,3707.0,1974.4000244140625,2479.840087890625,11026.7001953125,20700.919921875,,,17.049999237060547,
1996-03-05 00:00:00,641.4299926757812,5583.89013671875,621.7100219726562,325.0799865722656,,3644.800048828125,1950.0999755859375,2458.0,10557.599609375,20190.849609375,,,16.540000915527344,
1996-02-27 00:00:00,633.5,5642.419921875,591.7100219726562,319.2099914550781,,3710.300048828125,1975.5,2448.800048828125,11217.7998046875,20155.869140625,,,20.700000762939453,
1996-02-20 00:00:00,644.3699951171875,5549.2099609375,604.760009765625,324.1000061035156,,3752.699951171875,2017.199951171875,2488.85009765625,11194.900390625,20168.630859375,,,16.719999313354492,
1996-02-13 00:00:00,659.0800170898438,5458.52978515625,642.5900268554688,325.760009765625,,3740.300048828125,1976.9000244140625,2449.52001953125,11390.400390625,20300.380859375,,,14.779999732971191,
1996-02-06 00:00:00,647.97998046875,5601.22998046875,619.0399780273438,321.5899963378906,,3770.89990234375,1952.5,2423.60009765625,11595.0,20802.76953125,,,15.369999885559082,
1996-01-30 00:00:00,656.3699951171875,5459.60986328125,623.010009765625,321.1199951171875,,3716.300048828125,1960.699951171875,2435.070068359375,11310.2998046875,20934.8203125,,,14.630000114440918,
1996-01-23 00:00:00,635.8400268554688,5381.2099609375,601.4199829101562,317.7200012207031,,3781.300048828125,2022.199951171875,2459.81005859375,11469.400390625,20904.029296875,,,13.229999542236328,
1996-01-16 00:00:00,621.6199951171875,5192.27001953125,577.0499877929688,311.2200012207031,,3734.699951171875,1966.699951171875,2449.7099609375,11111.900390625,20663.83984375,,,12.0,
1996-01-09 00:00:00,611.8300170898438,5088.22021484375,564.6400146484375,305.2799987792969,,3748.39990234375,1964.300048828125,2400.580078125,10764.099609375,20365.759765625,,,12.699999809265137,
1996-01-02 00:00:00,601.8099975585938,5130.1298828125,552.7100219726562,305.1400146484375,,3657.300048828125,1907.5999755859375,2353.889892578125,10540.0,20287.419921875,,,14.229999542236328,
1995-12-26 00:00:00,616.7100219726562,5177.4501953125,565.1400146484375,312.19000244140625,,3704.5,1917.699951171875,2315.659912109375,10529.900390625,20669.029296875,,,13.579999923706055,
1995-12-19 00:00:00,615.9299926757812,5110.259765625,576.22998046875,315.9700012207031,,3689.300048828125,1872.0,2260.68994140625,10073.400390625,19868.150390625,,,12.520000457763672,
1995-12-12 00:00:00,611.9500122070312,5109.89013671875,585.1799926757812,312.30999755859375,,3658.300048828125,1873.4000244140625,2280.81005859375,9932.2001953125,19744.419921875,,,11.510000228881836,
1995-12-05 00:00:00,616.3400268554688,5174.919921875,563.280029296875,310.4200134277344,,3642.60009765625,1859.300048828125,2283.840087890625,9858.7001953125,19346.55078125,,,11.4399995803833,
1995-11-28 00:00:00,617.47998046875,5177.4501953125,599.3800048828125,311.54998779296875,,3630.0,1856.300048828125,2277.699951171875,9863.599609375,19286.970703125,,,11.119999885559082,
1995-11-21 00:00:00,606.97998046875,5078.10009765625,587.02001953125,309.739990234375,,3680.39990234375,1820.9000244140625,2266.56005859375,9862.599609375,18833.099609375,,,11.109999656677246,
1995-11-14 00:00:00,599.969970703125,5023.5498046875,578.3200073242188,302.260009765625,,3624.0,1891.0,2210.919921875,9488.7998046875,18215.23046875,,,11.869999885559082,
1995-11-07 00:00:00,600.0700073242188,4871.81005859375,588.8099975585938,303.8399963378906,,3609.199951171875,1890.5,2196.590087890625,9287.900390625,18151.16015625,,,12.489999771118164,
1995-10-31 00:00:00,592.719970703125,4797.02978515625,613.6099853515625,304.32000732421875,,3523.39990234375,1839.800048828125,2174.780029296875,9411.900390625,17843.560546875,,,12.970000267028809,
1995-10-24 00:00:00,590.5700073242188,4755.47998046875,621.7100219726562,302.7900085449219,,3500.39990234375,1832.0999755859375,2169.68994140625,9855.7998046875,18028.80078125,,,12.260000228881836,
1995-10-17 00:00:00,579.7000122070312,4783.66015625,593.530029296875,294.54998779296875,,3497.89990234375,1742.4000244140625,2112.010009765625,9680.7998046875,17337.189453125,,,14.630000114440918,
1995-10-10 00:00:00,587.4600219726562,4795.9501953125,591.8800048828125,302.82000732421875,,3551.39990234375,1740.699951171875,2148.1201171875,9895.2001953125,18157.330078125,,,13.460000038146973,
1995-10-03 00:00:00,584.5,4720.7998046875,570.0,302.07000732421875,,3568.0,1817.0,2206.110107421875,9883.7998046875,17880.830078125,,,13.670000076293945,
1995-09-26 00:00:00,582.489990234375,4749.7001953125,567.4199829101562,301.82000732421875,,3526.5,1809.5999755859375,2176.35009765625,9873.900390625,18506.279296875,,,13.979999542236328,
1995-09-19 00:00:00,584.4099731445312,4765.60009765625,585.0800170898438,310.3800048828125,,3508.199951171875,1788.4000244140625,2201.27001953125,9646.2998046875,17913.060546875,,,12.739999771118164,
1995-09-12 00:00:00,581.72998046875,4767.0400390625,592.6400146484375,312.04998779296875,,3514.800048828125,1790.699951171875,2204.43994140625,9541.900390625,17713.9296875,,,12.460000038146973,
1995-09-05 00:00:00,583.3499755859375,4747.2099609375,589.010009765625,314.2900085449219,,3564.60009765625,1880.0,2305.580078125,9797.400390625,18758.55078125,,,11.579999923706055,
1995-08-29 00:00:00,572.6799926757812,4670.080078125,604.27001953125,314.4200134277344,,3554.5,1854.9000244140625,2266.77001953125,9393.2001953125,18279.55078125,,,11.15999984741211,
1995-08-22 00:00:00,563.8400268554688,4608.43994140625,573.2100219726562,306.1700134277344,,3509.39990234375,1881.699951171875,2242.760009765625,9196.5,18120.73046875,,,11.289999961853027,
1995-08-15 00:00:00,560.0999755859375,4620.419921875,580.0999755859375,304.3599853515625,,3524.89990234375,1937.800048828125,2257.340087890625,9080.400390625,17770.6796875,,,12.329999923706055,
1995-08-08 00:00:00,559.2100219726562,4640.83984375,595.52001953125,304.29998779296875,,3509.800048828125,1971.5999755859375,2265.860107421875,8895.7998046875,18032.490234375,,,12.029999732971191,
1995-08-01 00:00:00,555.1099853515625,4693.31982421875,575.6400146484375,299.0799865722656,,3467.5,1946.199951171875,2228.43994140625,9006.900390625,16792.33984375,,,12.899999618530273,
1995-07-25 00:00:00,558.9400024414062,4700.3701171875,560.5800170898438,298.2699890136719,,3482.39990234375,1957.0999755859375,2236.679931640625,9362.7998046875,16741.19921875,,,13.210000038146973,
1995-07-18 00:00:00,562.9299926757812,4714.4501953125,574.1799926757812,299.2300109863281,,3468.89990234375,1932.800048828125,2217.909912109375,9451.7001953125,16649.44921875,,,13.180000305175781,
1995-07-11 00:00:00,553.6199951171875,4686.27978515625,547.780029296875,290.5299987792969,,3413.10009765625,1908.9000244140625,2196.5400390625,9410.2001953125,16589.08984375,,,12.369999885559082,
1995-07-04 00:00:00,559.8900146484375,4680.60009765625,589.8499755859375,294.8800048828125,,3429.199951171875,1948.300048828125,2191.25,9728.0,16517.69921875,,,12.079999923706055,
1995-06-27 00:00:00,556.3699951171875,4585.14990234375,567.5599975585938,289.3500061035156,,3462.89990234375,1950.800048828125,2163.3701171875,9632.2998046875,16213.080078125,,,11.770000457763672,
1995-06-20 00:00:00,544.75,4542.60986328125,538.030029296875,283.6300048828125,,3314.60009765625,1858.800048828125,2089.0400390625,9206.5,14517.400390625,,,11.380000114440918,
1995-06-13 00:00:00,549.7100219726562,4550.56005859375,544.6599731445312,284.0199890136719,,3379.39990234375,1895.0999755859375,2138.219970703125,9224.400390625,15265.1796875,,,11.119999885559082,
1995-06-06 00:00:00,539.8300170898438,4484.509765625,517.5700073242188,280.80999755859375,,3366.10009765625,1905.0,2125.06005859375,9314.0,14703.169921875,,,10.75,
1995-05-30 00:00:00,527.9400024414062,4485.2001953125,500.4100036621094,275.2099914550781,,3337.699951171875,1897.0,2107.159912109375,9267.599609375,15044.1796875,,,12.760000228881836,
1995-05-23 00:00:00,532.510009765625,4378.68017578125,492.6499938964844,272.2699890136719,,3345.0,1971.300048828125,2132.719970703125,9559.7001953125,15849.1298828125,,,12.979999542236328,
1995-05-16 00:00:00,523.6500244140625,4436.43994140625,496.05999755859375,270.57000732421875,,3311.10009765625,1919.0999755859375,2065.7099609375,9329.2001953125,15694.25,,,12.199999809265137,
1995-05-09 00:00:00,519.1900024414062,4435.0498046875,489.8699951171875,270.54998779296875,,3261.0,1965.5,2064.419921875,9013.2998046875,16140.849609375,,,12.8100004196167,
1995-05-02 00:00:00,525.5499877929688,4390.77978515625,483.19000244140625,269.8500061035156,,3310.300048828125,2017.300048828125,2102.39990234375,9217.7998046875,16420.759765625,,,11.84000015258789,
1995-04-25 00:00:00,520.1199951171875,4328.8798828125,470.29998779296875,265.6199951171875,,3251.699951171875,1927.4000244140625,2021.219970703125,8332.2001953125,17088.66015625,,,12.0600004196167,
1995-04-18 00:00:00,514.7100219726562,4300.169921875,469.55999755859375,266.1700134277344,,3216.699951171875,1918.5,2017.949951171875,8361.0,16806.75,,,11.75,
1995-04-11 00:00:00,508.489990234375,4179.1298828125,451.3399963378906,262.510009765625,,3199.89990234375,1928.4000244140625,1987.699951171875,8645.400390625,16968.240234375,,,11.859999656677246,
1995-04-04 00:00:00,509.2300109863281,4187.080078125,458.92999267578125,263.9800109863281,,3208.800048828125,1881.0999755859375,1982.989990234375,8662.0,16047.8896484375,,,11.479999542236328,
1995-03-28 00:00:00,506.4200134277344,4201.60986328125,444.010009765625,260.0199890136719,,3210.89990234375,1900.4000244140625,1978.7099609375,8470.2998046875,15719.5,,,12.850000381469727,
1995-03-21 00:00:00,500.7099914550781,4151.81005859375,447.1499938964844,260.7699890136719,,3137.89990234375,1859.5,1914.68994140625,8587.7001953125,16139.9501953125,,,13.369999885559082,
1995-03-14 00:00:00,500.9700012207031,4072.610107421875,455.42999267578125,258.8500061035156,,3153.39990234375,1817.300048828125,1935.8699951171875,8484.7001953125,15749.76953125,,,11.1899995803833,
1995-03-07 00:00:00,495.5199890136719,4048.75,443.94000244140625,257.32000732421875,,3089.300048828125,1788.800048828125,1979.52001953125,8534.7001953125,16251.23046875,,,11.800000190734863,
1995-02-28 00:00:00,489.57000732421875,3962.6298828125,441.760009765625,256.010009765625,,3021.10009765625,1743.0999755859375,2008.8499755859375,7949.39990234375,16358.3798828125,,,12.380000114440918,
1995-02-21 00:00:00,485.4200134277344,4011.050048828125,436.67999267578125,256.8999938964844,,3025.10009765625,1795.199951171875,2094.159912109375,8185.2001953125,17039.619140625,,,11.449999809265137,
1995-02-14 00:00:00,488.1099853515625,3963.969970703125,428.4200134277344,255.47000122070312,,3037.699951171875,1805.699951171875,2117.590087890625,8219.0,17472.939453125,,,10.84000015258789,
1995-02-07 00:00:00,481.9700012207031,3958.25,425.6600036621094,254.7100067138672,,3044.199951171875,1822.5,2119.2900390625,8043.0,18020.509765625,,,11.710000038146973,
1995-01-31 00:00:00,481.4599914550781,3937.389892578125,430.7699890136719,255.4199981689453,,3109.89990234375,1869.4000244140625,2127.56005859375,8012.7998046875,18291.349609375,,,11.279999732971191,
1995-01-24 00:00:00,478.6499938964844,3843.860107421875,416.1400146484375,250.77999877929688,,3059.699951171875,1842.4000244140625,2077.93994140625,7478.89990234375,18538.970703125,,,10.979999542236328,
1995-01-17 00:00:00,470.3900146484375,3862.699951171875,407.2200012207031,248.47000122070312,,3022.199951171875,1814.0999755859375,2030.56005859375,7297.10009765625,18104.349609375,,,11.25,
1995-01-10 00:00:00,464.7799987792969,3930.659912109375,410.1300048828125,249.63999938964844,,2995.0,1813.300048828125,2050.860107421875,7278.10009765625,18840.220703125,,,12.149999618530273,
1995-01-03 00:00:00,465.9700012207031,3866.739990234375,410.4800109863281,249.9499969482422,,3048.300048828125,1854.0,2064.139892578125,7252.2998046875,19331.169921875,,,11.100000381469727,
1994-12-27 00:00:00,460.67999267578125,3838.47998046875,401.5899963378906,248.0800018310547,,3065.0,1886.4000244140625,2058.199951171875,7683.2998046875,19519.4609375,,,13.130000114440918,
1994-12-20 00:00:00,459.2699890136719,3861.68994140625,404.2699890136719,250.36000061035156,,3065.5,1881.199951171875,2097.510009765625,8191.0,19723.060546875,,,13.199999809265137,
1994-12-13 00:00:00,459.8299865722656,3767.14990234375,401.1499938964844,244.72999572753906,,3083.39990234375,1949.9000244140625,2100.97998046875,8311.900390625,19633.529296875,,,11.819999694824219,
1994-12-06 00:00:00,458.79998779296875,3715.340087890625,392.010009765625,241.0,,3013.60009765625,1924.199951171875,2069.89990234375,8166.39990234375,19163.4296875,,,12.789999961853027,
1994-11-29 00:00:00,446.9599914550781,3745.949951171875,388.6300048828125,235.16000366210938,,2977.300048828125,1937.0,2024.18994140625,7789.10009765625,18978.30078125,,,16.040000915527344,
1994-11-22 00:00:00,453.29998779296875,3738.550048828125,402.0400085449219,242.80999755859375,,3017.300048828125,1982.699951171875,2042.3800048828125,8221.599609375,18998.30078125,,,16.549999237060547,
1994-11-15 00:00:00,452.2900085449219,3677.989990234375,401.1700134277344,242.02999877929688,,3033.5,1945.9000244140625,2056.27001953125,8658.7998046875,18666.9296875,,,17.440000534057617,
1994-11-08 00:00:00,461.4700012207031,3826.360107421875,412.42999267578125,248.5800018310547,,3131.0,1926.5,2089.47998046875,9427.400390625,19302.560546875,,,16.0,
1994-11-01 00:00:00,462.3500061035156,3830.739990234375,404.7799987792969,249.3800048828125,,3075.89990234375,1948.4000244140625,2073.669921875,9367.900390625,19284.359375,,,16.5,
1994-10-25 00:00:00,462.2799987792969,3863.3701171875,401.4599914550781,252.75,,3097.60009765625,1931.699951171875,2069.389892578125,9530.400390625,19811.560546875,,,16.75,
1994-10-18 00:00:00,473.7699890136719,3850.590087890625,411.8399963378906,255.0,,3083.800048828125,1905.699951171875,2064.860107421875,9379.5,19805.16015625,,,14.5600004196167,
1994-10-11 00:00:00,464.8900146484375,3917.5400390625,400.5199890136719,252.86000061035156,,3032.800048828125,1842.0999755859375,2016.5999755859375,9338.599609375,19899.080078125,,,15.90999984741211,
1994-10-04 00:00:00,469.1000061035156,3876.830078125,398.79998779296875,254.8699951171875,,3106.699951171875,1933.0,2118.52001953125,9550.900390625,19969.2890625,,,13.319999694824219,
1994-09-27 00:00:00,455.1000061035156,3801.1298828125,387.3599853515625,250.7100067138672,,2998.699951171875,1856.4000244140625,1977.6700439453125,9284.900390625,19744.75,,,14.920000076293945,
1994-09-20 00:00:00,462.7099914550781,3863.0400390625,393.8500061035156,256.1199951171875,,3026.300048828125,1879.300048828125,2002.300048828125,9521.2001953125,19563.810546875,,,14.279999732971191,
1994-09-13 00:00:00,459.6700134277344,3869.090087890625,390.20001220703125,253.64999389648438,,3028.199951171875,1927.4000244140625,2097.330078125,9632.5,19833.669921875,,,14.529999732971191,
1994-09-06 00:00:00,471.19000244140625,3879.860107421875,404.4700012207031,259.7900085449219,,3065.10009765625,1924.5999755859375,2097.449951171875,9968.5,19796.259765625,,,12.800000190734863,
1994-08-30 00:00:00,468.17999267578125,3898.699951171875,394.8399963378906,256.760009765625,,3139.300048828125,1948.800048828125,2155.580078125,10145.0,19897.880859375,,,13.119999885559082,
1994-08-23 00:00:00,470.989990234375,3917.300048828125,391.4100036621094,256.19000244140625,,3222.699951171875,2020.4000244140625,2197.3798828125,9901.599609375,20653.830078125,,,11.399999618530273,
1994-08-16 00:00:00,473.79998779296875,3775.830078125,399.260009765625,254.58999633789062,,3265.10009765625,2062.699951171875,2190.580078125,9399.099609375,20471.490234375,,,12.1899995803833,
1994-08-09 00:00:00,463.67999267578125,3784.570068359375,384.1199951171875,249.69000244140625,,3191.39990234375,2001.300048828125,2143.840087890625,9404.400390625,20512.69921875,,,12.829999923706055,
1994-08-02 00:00:00,461.94000244140625,3755.760009765625,376.9599914550781,247.11000061035156,,3142.300048828125,2007.0,2133.739990234375,9464.599609375,20663.830078125,,,11.09000015258789,
1994-07-26 00:00:00,457.0899963378906,3796.219970703125,367.1499938964844,244.19000244140625,,3167.5,2107.10009765625,2188.81005859375,9602.2001953125,20521.69921875,,,12.34000015258789,
1994-07-19 00:00:00,458.260009765625,3735.679931640625,370.1600036621094,244.05999755859375,,3082.60009765625,2075.0,2152.18994140625,9482.7998046875,20449.390625,,,11.130000114440918,
1994-07-12 00:00:00,453.1099853515625,3748.31005859375,365.05999755859375,243.3300018310547,,3114.699951171875,2041.4000244140625,2148.22998046875,9153.0,20462.890625,,,11.220000267028809,
1994-07-05 00:00:00,454.1600036621094,3702.659912109375,367.239990234375,245.6199951171875,,3074.800048828125,1974.5999755859375,2103.5400390625,9117.0,20770.150390625,,,11.279999732971191,
1994-06-28 00:00:00,449.54998779296875,3652.47998046875,359.30999755859375,241.9199981689453,,2962.39990234375,1920.800048828125,2047.8299560546875,8433.0,20526.509765625,,,13.260000228881836,
1994-06-21 00:00:00,446.20001220703125,3669.639892578125,360.0299987792969,241.1199951171875,,2936.39990234375,1872.9000244140625,2040.68994140625,8634.400390625,20543.41015625,,,14.359999656677246,
1994-06-14 00:00:00,442.79998779296875,3707.969970703125,351.760009765625,239.38999938964844,,2876.60009765625,1907.0,2005.0699462890625,8881.0,20766.75,,,16.719999313354492,
1994-06-07 00:00:00,458.45001220703125,3814.830078125,371.94000244140625,250.38999938964844,,3022.89990234375,1936.0,2031.800048828125,9114.0,21503.30078125,,,12.3100004196167,
1994-05-31 00:00:00,458.6700134277344,3755.909912109375,374.6400146484375,250.5800018310547,,3055.89990234375,2020.699951171875,2143.580078125,9111.2001953125,21395.1796875,,,12.6899995803833,
1994-05-24 00:00:00,460.1300048828125,3758.3701171875,382.7799987792969,252.10000610351562,,2997.800048828125,2041.699951171875,2158.8798828125,9234.2998046875,20954.189453125,,,12.1899995803833,
1994-05-17 00:00:00,457.3299865722656,3745.169921875,376.80999755859375,249.4600067138672,,2966.39990234375,2050.699951171875,2112.800048828125,9470.099609375,20777.16015625,,,12.489999771118164,
1994-05-10 00:00:00,454.9200134277344,3720.610107421875,370.3699951171875,248.27999877929688,,3127.300048828125,2155.39990234375,2238.969970703125,9631.599609375,20342.169921875,,,12.789999961853027,
1994-05-03 00:00:00,444.1400146484375,3656.409912109375,364.82000732421875,245.60000610351562,,3119.199951171875,2187.0,2257.330078125,9134.7001953125,20270.75,,,14.539999961853027,
1994-04-26 00:00:00,447.82000732421875,3714.409912109375,374.57000732421875,251.64999389648438,,3106.0,2158.199951171875,2233.550048828125,8620.2998046875,19862.470703125,,,15.079999923706055,
1994-04-19 00:00:00,450.9100036621094,3699.5400390625,373.25,252.5500030517578,,3125.300048828125,2166.0,2252.510009765625,8966.099609375,19725.25,,,13.770000457763672,
1994-04-12 00:00:00,447.6300048828125,3619.820068359375,369.0799865722656,246.5500030517578,,3133.699951171875,2135.199951171875,2218.1298828125,9156.900390625,19964.390625,,,14.9399995803833,
1994-04-05 00:00:00,446.17999267578125,3681.68994140625,366.2900085449219,250.14999389648438,,3168.300048828125,2159.60009765625,2211.919921875,9536.099609375,20164.630859375,,,15.979999542236328,
1994-03-29 00:00:00,447.1000061035156,3675.409912109375,384.8999938964844,254.67999267578125,,3120.800048828125,2114.800048828125,2203.179931640625,9298.2001953125,19934.990234375,,,16.920000076293945,
1994-03-22 00:00:00,445.7699890136719,3699.02001953125,382.9599914550781,251.05999755859375,,3086.39990234375,2081.89990234375,2142.8798828125,9029.900390625,19277.16015625,,,20.450000762939453,
1994-03-15 00:00:00,460.5799865722656,3862.550048828125,399.8599853515625,266.45001220703125,,3129.0,2136.60009765625,2144.0,9234.2001953125,19836.48046875,,,13.670000076293945,
1994-03-08 00:00:00,471.05999755859375,3849.590087890625,417.5199890136719,271.0799865722656,,3218.10009765625,2221.300048828125,2140.389892578125,9132.2998046875,20469.44921875,,,13.319999694824219,
1994-03-01 00:00:00,466.44000244140625,3851.719970703125,409.42999267578125,265.489990234375,,3191.89990234375,2175.0,2101.889892578125,9905.7001953125,20115.310546875,,,14.869999885559082,
1994-02-22 00:00:00,464.739990234375,3809.22998046875,411.989990234375,264.7099914550781,,3278.0,2178.699951171875,2076.760009765625,9918.2001953125,19966.0,,,16.0,
1994-02-15 00:00:00,466.07000732421875,3911.659912109375,406.45001220703125,263.0,,3281.199951171875,2199.0,2075.330078125,10100.2998046875,19803.380859375,,,14.800000190734863,
1994-02-08 00:00:00,467.69000244140625,3928.27001953125,407.94000244140625,264.04998779296875,,3382.60009765625,2251.800048828125,2133.85009765625,10825.900390625,18959.599609375,,,14.699999809265137,
1994-02-01 00:00:00,470.17999267578125,3906.030029296875,401.8299865722656,262.8900146484375,,3378.89990234375,2275.10009765625,2108.77001953125,11504.0,19990.69921875,,,14.460000038146973,
1994-01-25 00:00:00,469.80999755859375,3964.010009765625,397.4800109863281,261.6700134277344,,3475.39990234375,2329.199951171875,2143.89990234375,12157.599609375,20301.4296875,,,15.25,
1994-01-18 00:00:00,478.70001220703125,3895.340087890625,412.5199890136719,265.0299987792969,,3447.39990234375,2313.199951171875,2156.610107421875,11377.7998046875,18757.880859375,,,9.9399995803833,
1994-01-11 00:00:00,474.7200012207031,3870.2900390625,411.5899963378906,263.79998779296875,,3484.199951171875,2244.0,2073.93994140625,11459.400390625,19307.4296875,,,11.09000015258789,
1994-01-04 00:00:00,474.9100036621094,3850.31005859375,411.75,261.2699890136719,,3400.60009765625,2262.300048828125,2151.050048828125,10774.2998046875,18973.69921875,,,11.149999618530273,
1993-12-28 00:00:00,469.8999938964844,3783.89990234375,404.7799987792969,259.19000244140625,,3446.0,2307.60009765625,2224.949951171875,11001.5,18124.009765625,,,10.960000038146973,
1993-12-21 00:00:00,466.45001220703125,3793.77001953125,398.2799987792969,258.5899963378906,,3418.39990234375,2268.199951171875,2255.2900390625,11888.400390625,17417.240234375,,,11.65999984741211,
1993-12-14 00:00:00,467.3800048828125,3745.14990234375,390.32000732421875,251.32000732421875,,3412.300048828125,2251.5,2227.6298828125,11039.7998046875,17141.109375,,,9.479999542236328,
1993-12-07 00:00:00,466.3800048828125,3742.6298828125,389.0350036621094,252.25,,3337.10009765625,2196.39990234375,2154.760009765625,10568.900390625,18051.91015625,,,11.079999923706055,
1993-11-30 00:00:00,463.92999267578125,3718.8798828125,386.9599914550781,252.80999755859375,,3261.300048828125,2198.10009765625,2165.5,10228.099609375,17257.4296875,,,12.600000381469727,
1993-11-23 00:00:00,464.8900146484375,3683.949951171875,401.7749938964844,253.86000061035156,,3234.199951171875,2188.39990234375,2128.300048828125,9294.400390625,17459.349609375,,,12.6899995803833,
1993-11-16 00:00:00,463.05999755859375,3674.169921875,386.31500244140625,250.14999389648438,,3111.39990234375,2120.60009765625,2045.25,9274.400390625,16726.369140625,,,13.770000457763672,
1993-11-09 00:00:00,462.6000061035156,3710.77001953125,380.56500244140625,250.99000549316406,,3108.0,2145.199951171875,2072.1298828125,9263.900390625,17941.189453125,,,15.029999732971191,
1993-11-02 00:00:00,465.3900146484375,3640.070068359375,395.17498779296875,257.94000244140625,,3099.10009765625,2096.89990234375,2023.06005859375,9701.2998046875,18493.55078125,,,13.329999923706055,
1993-10-26 00:00:00,459.57000732421875,3697.639892578125,383.635009765625,253.11000061035156,,3085.60009765625,2081.0,2013.6500244140625,8996.900390625,18590.4609375,,,14.970000267028809,
1993-10-19 00:00:00,467.8299865722656,3672.489990234375,390.9849853515625,259.17999267578125,,3171.0,2182.0,2064.97998046875,9329.099609375,19702.970703125,,,11.460000038146973,
1993-10-12 00:00:00,463.2699890136719,3635.320068359375,388.19000244140625,255.7899932861328,,3199.0,2231.89990234375,2083.6201171875,8719.2998046875,20264.830078125,,,11.479999542236328,
1993-10-05 00:00:00,469.5,3593.1298828125,392.45001220703125,259.9800109863281,,3120.800048828125,2139.300048828125,2023.260009765625,8764.0,20174.419921875,,,10.869999885559082,
1993-09-28 00:00:00,460.30999755859375,3587.260009765625,381.31500244140625,253.9600067138672,,3108.60009765625,2156.39990234375,2015.7099609375,8005.60009765625,20378.640625,,,12.039999961853027,
1993-09-21 00:00:00,461.2799987792969,3566.02001953125,382.80999755859375,253.0,,3037.5,2116.699951171875,1920.4599609375,7676.2001953125,20283.130859375,,,11.829999923706055,
1993-09-14 00:00:00,457.6300048828125,3537.239990234375,378.0400085449219,248.74000549316406,,3005.199951171875,2092.60009765625,1890.1800537109375,7525.10009765625,20307.529296875,,,12.470000267028809,
1993-09-07 00:00:00,458.8299865722656,3615.760009765625,366.18499755859375,245.9499969482422,,3005.5,2099.5,1884.6700439453125,7418.10009765625,20391.0390625,,,13.390000343322754,
1993-08-31 00:00:00,461.7200012207031,3607.10009765625,370.635009765625,246.55999755859375,,3037.0,2108.39990234375,1868.280029296875,7593.5,20817.98046875,,,11.699999809265137,
1993-08-24 00:00:00,461.3399963378906,3651.25,373.7049865722656,248.6699981689453,,3057.300048828125,2156.10009765625,1920.4300537109375,7512.10009765625,21116.2109375,,,11.15999984741211,
1993-08-17 00:00:00,460.5400085449219,3638.9599609375,366.5,244.0800018310547,,3100.60009765625,2183.89990234375,1909.5400390625,7423.0,20791.6796875,,,11.90999984741211,
1993-08-10 00:00:00,456.1600036621094,3586.97998046875,370.8699951171875,242.9499969482422,,3057.60009765625,2128.199951171875,1909.530029296875,7545.39990234375,20607.259765625,,,11.619999885559082,
1993-08-03 00:00:00,450.1400146484375,3572.72998046875,360.4549865722656,239.6999969482422,,3010.10009765625,2148.0,1917.68994140625,7392.2998046875,20745.169921875,,,12.1899995803833,
1993-07-27 00:00:00,448.67999267578125,3561.27001953125,363.1449890136719,238.72000122070312,,2969.800048828125,2149.800048828125,1878.93994140625,7396.7998046875,20357.939453125,,,12.329999923706055,
1993-07-20 00:00:00,448.1300048828125,3565.4599609375,352.864990234375,236.4600067138672,,2926.5,2085.89990234375,1823.0699462890625,6989.0,20380.140625,,,11.729999542236328,
1993-07-13 00:00:00,447.1000061035156,3544.780029296875,353.2049865722656,234.30999755859375,,2827.699951171875,1995.0,1830.6099853515625,6750.2998046875,19734.5703125,,,11.319999694824219,
1993-07-06 00:00:00,445.75,3515.43994140625,351.07000732421875,236.16000366210938,,2833.0,1974.9000244140625,1829.3599853515625,6925.2001953125,20331.529296875,,,10.960000038146973,
1993-06-29 00:00:00,448.1099853515625,3449.929931640625,362.4599914550781,234.97000122070312,,2843.199951171875,1985.699951171875,1798.3599853515625,7070.60009765625,19877.390625,,,10.800000190734863,
1993-06-22 00:00:00,445.8399963378906,3518.85009765625,364.2149963378906,234.22999572753906,,2857.699951171875,1941.199951171875,1697.3900146484375,7217.89990234375,19621.4609375,,,11.329999923706055,
1993-06-15 00:00:00,447.6000061035156,3497.530029296875,362.2250061035156,229.52999877929688,,2887.5,1960.800048828125,1699.52001953125,7014.10009765625,19659.5703125,,,11.25,
1993-06-08 00:00:00,443.67999267578125,3492.0,357.9599914550781,229.02000427246094,,2879.39990234375,1910.300048828125,1687.1400146484375,7200.7998046875,19804.5390625,,,12.239999771118164,
1993-06-01 00:00:00,447.260009765625,3510.5400390625,363.07501220703125,229.55999755859375,,2861.800048828125,1920.4000244140625,1685.8499755859375,7266.7001953125,20500.94921875,,,12.710000038146973,
1993-05-25 00:00:00,450.05999755859375,3552.340087890625,368.625,233.38999938964844,,2829.89990234375,1859.699951171875,1638.469970703125,7157.5,20882.240234375,,,12.859999656677246,
1993-05-18 00:00:00,450.19000244140625,3516.6298828125,368.1099853515625,232.19000244140625,,2840.699951171875,1888.699951171875,1627.2099609375,7397.89990234375,20843.689453125,,,13.470000267028809,
1993-05-11 00:00:00,445.8399963378906,3444.389892578125,366.6700134277344,229.92999267578125,,2812.199951171875,1836.800048828125,1613.97998046875,7170.0,20557.470703125,,,14.510000228881836,
1993-05-04 00:00:00,439.55999755859375,3468.75,349.79998779296875,227.47999572753906,,2847.0,1851.699951171875,1632.3499755859375,7005.2998046875,20474.150390625,,,14.390000343322754,
1993-04-27 00:00:00,442.30999755859375,3446.18994140625,353.2300109863281,227.97000122070312,,2793.699951171875,1878.5999755859375,1607.699951171875,6798.2998046875,20811.359375,,,13.010000228881836,
1993-04-20 00:00:00,440.19000244140625,3415.929931640625,339.94500732421875,222.67999267578125,,2813.10009765625,1939.0,1626.8299560546875,6830.5,20919.1796875,,,12.420000076293945,
1993-04-13 00:00:00,437.0299987792969,3443.489990234375,333.6600036621094,222.69000244140625,,2843.800048828125,1916.5999755859375,1656.030029296875,6750.89990234375,19704.150390625,,,13.359999656677246,
1993-04-06 00:00:00,448.94000244140625,3444.030029296875,340.6499938964844,224.42999267578125,,2824.39990234375,1986.699951171875,1678.6500244140625,6697.2001953125,20297.859375,,,11.289999961853027,
1993-03-30 00:00:00,441.8399963378906,3377.570068359375,341.55999755859375,222.8300018310547,,2821.800048828125,1986.9000244140625,1658.1300048828125,6285.7001953125,19892.1796875,,,12.829999923706055,
1993-03-23 00:00:00,441.3900146484375,3457.27001953125,341.17999267578125,224.74000549316406,,2869.89990234375,1990.800048828125,1657.06005859375,6404.39990234375,19446.939453125,,,14.5,
1993-03-16 00:00:00,447.7799987792969,3461.860107421875,352.6449890136719,226.94000244140625,,2852.89990234375,2025.800048828125,1667.260009765625,6341.2998046875,18788.69921875,,,12.210000038146973,
1993-03-09 00:00:00,450.17999267578125,3442.949951171875,351.55499267578125,227.83999633789062,,2900.10009765625,1962.699951171875,1686.5699462890625,6088.2998046875,18537.169921875,,,13.229999542236328,
1993-03-02 00:00:00,449.8299865722656,3472.1201171875,362.6499938964844,229.52999877929688,,2915.89990234375,1965.199951171875,1688.739990234375,6170.39990234375,18037.51953125,,,15.65999984741211,
1993-02-23 00:00:00,446.1099853515625,3400.530029296875,355.56500244140625,226.22000122070312,,2922.10009765625,1995.0999755859375,1686.1500244140625,6502.7998046875,16817.69921875,,,14.079999923706055,
1993-02-16 00:00:00,443.3800048828125,3323.27001953125,351.1400146484375,222.41000366210938,,2868.0,1983.699951171875,1680.02001953125,6352.0,16953.349609375,,,13.15999984741211,
1993-02-09 00:00:00,434.2200012207031,3309.5,347.9150085449219,220.91000366210938,,2840.0,1937.199951171875,1683.300048828125,6170.10009765625,17010.029296875,,,15.020000457763672,
1993-02-02 00:00:00,444.5799865722656,3414.60009765625,361.19000244140625,228.7100067138672,,2843.0,1912.0,1649.6400146484375,5858.2001953125,16851.509765625,,,12.380000114440918,
1993-01-26 00:00:00,448.92999267578125,3328.699951171875,369.0,230.49000549316406,,2862.89990234375,1908.199951171875,1643.8299560546875,5747.2001953125,17332.900390625,,,12.899999618530273,
1993-01-19 00:00:00,438.7799987792969,3299.0,370.55999755859375,228.10000610351562,,2807.199951171875,1772.199951171875,1574.0400390625,5751.39990234375,17023.779296875,,,12.420000076293945,
1993-01-12 00:00:00,436.1099853515625,3256.0,377.82000732421875,227.52999877929688,,2781.199951171875,1820.4000244140625,1593.3499755859375,5914.39990234375,16336.8095703125,,,11.300000190734863,
1993-01-05 00:00:00,437.1499938964844,3264.60009765625,379.2349853515625,225.24000549316406,,2765.10009765625,1827.0999755859375,1555.52001953125,5871.7998046875,16515.599609375,,,11.569999694824219,
1992-12-29 00:00:00,429.04998779296875,3307.89990234375,365.5400085449219,220.1199951171875,,2799.199951171875,1852.5999755859375,1529.0999755859375,5529.60009765625,16634.689453125,,,13.770000457763672,
1992-12-22 00:00:00,435.7099914550781,3310.800048828125,360.18499755859375,221.00999450683594,,2846.5,1857.800048828125,1538.4300537109375,5512.39990234375,16924.94921875,,,12.569999694824219,
1992-12-15 00:00:00,439.7699890136719,3321.10009765625,357.55999755859375,216.25999450683594,,2827.5,1854.5999755859375,1527.06005859375,5442.0,17557.0390625,,,11.569999694824219,
1992-12-08 00:00:00,441.2799987792969,3284.39990234375,357.8949890136719,215.5500030517578,,2789.699951171875,1760.0999755859375,1495.5999755859375,5192.7001953125,17680.740234375,,,11.65999984741211,
1992-12-01 00:00:00,433.7300109863281,3322.199951171875,350.8949890136719,215.25,,2716.199951171875,1758.699951171875,1476.699951171875,5253.2001953125,17441.01953125,,,12.34000015258789,
1992-11-24 00:00:00,432.05999755859375,3294.39990234375,358.3999938964844,215.91000366210938,,2759.39990234375,1781.699951171875,1526.25,5268.10009765625,17295.689453125,,,11.8100004196167,
1992-11-17 00:00:00,430.1600036621094,3248.699951171875,349.31500244140625,212.5,,2760.10009765625,1749.699951171875,1529.68994140625,5986.7001953125,17470.609375,,,12.579999923706055,
1992-11-10 00:00:00,426.6499938964844,3193.300048828125,348.80499267578125,209.77000427246094,,2732.39990234375,1724.199951171875,1547.8399658203125,5878.2001953125,17033.599609375,,,13.670000076293945,
1992-11-03 00:00:00,422.42999267578125,3225.5,348.489990234375,207.42999267578125,,2697.5,1796.800048828125,1541.7900390625,6366.60009765625,16330.7900390625,,,14.609999656677246,
1992-10-27 00:00:00,417.5799865722656,3252.5,338.1449890136719,201.55999755859375,,2702.699951171875,1793.5999755859375,1487.7099609375,6315.0,16869.810546875,,,14.6899995803833,
1992-10-20 00:00:00,418.67999267578125,3235.699951171875,329.1549987792969,198.91000366210938,,2658.300048828125,1742.4000244140625,1489.6800537109375,6190.7001953125,16767.400390625,,,16.149999618530273,
1992-10-13 00:00:00,414.1000061035156,3186.0,325.44000244140625,195.8800048828125,,2669.699951171875,1766.4000244140625,1528.8599853515625,6262.5,17117.650390625,,,16.459999084472656,
1992-10-06 00:00:00,411.7300109863281,3201.39990234375,316.385009765625,191.60000610351562,,2563.89990234375,1664.199951171875,1458.02001953125,5985.2998046875,17369.810546875,,,17.010000228881836,
1992-09-29 00:00:00,402.6600036621094,3178.199951171875,305.6300048828125,188.2100067138672,,2541.199951171875,1657.300048828125,1437.6500244140625,5596.7001953125,17059.779296875,,,20.510000228881836,
1992-09-22 00:00:00,410.4700012207031,3266.800048828125,304.3900146484375,189.49000549316406,,2549.699951171875,1683.300048828125,1475.4100341796875,5595.39990234375,17324.0703125,,,17.790000915527344,
1992-09-15 00:00:00,414.3500061035156,3280.89990234375,310.2250061035156,190.89999389648438,,2601.0,1843.5,1510.6600341796875,5686.2001953125,18394.759765625,,,14.800000190734863,
1992-09-08 00:00:00,422.92999267578125,3327.300048828125,319.9100036621094,193.57000732421875,,2567.0,1882.9000244140625,1600.5899658203125,5689.2998046875,18166.80078125,,,13.739999771118164,
1992-09-01 00:00:00,419.5799865722656,3260.60009765625,315.19000244140625,192.7899932861328,,2370.89990234375,1802.0,1530.199951171875,5537.2998046875,18107.689453125,,,12.470000267028809,
1992-08-25 00:00:00,417.0799865722656,3266.260009765625,306.3949890136719,191.32000732421875,,2362.199951171875,1779.0,1534.719970703125,5707.5,18555.30078125,,,12.979999542236328,
1992-08-18 00:00:00,414.8399963378906,3232.199951171875,299.135009765625,188.82000732421875,,2312.60009765625,1687.5,1519.68994140625,5628.60009765625,17970.7890625,,,13.140000343322754,
1992-08-11 00:00:00,414.8500061035156,3329.5,295.69000244140625,190.00999450683594,,2365.699951171875,1744.199951171875,1530.030029296875,5509.39990234375,16216.8798828125,,,15.010000228881836,
1992-08-04 00:00:00,419.9100036621094,3331.10009765625,302.2300109863281,192.6199951171875,,2356.800048828125,1753.5,1560.1600341796875,5822.60009765625,14820.25,,,14.65999984741211,
1992-07-28 00:00:00,418.8800048828125,3384.300048828125,303.31500244140625,193.42999267578125,,2350.10009765625,1777.300048828125,1611.9599609375,5850.89990234375,15518.26953125,,,13.9399995803833,
1992-07-21 00:00:00,424.2099914550781,3334.10009765625,310.8949890136719,194.74000549316406,,2399.60009765625,1754.699951171875,1608.489990234375,5881.10009765625,15910.2802734375,,,13.170000076293945,
1992-07-14 00:00:00,411.6000061035156,3308.39990234375,303.42498779296875,189.60000610351562,,2377.199951171875,1734.5999755859375,1613.3599853515625,5772.7998046875,15497.7900390625,,,13.369999885559082,
1992-07-07 00:00:00,415.6199951171875,3358.39990234375,305.5400085449219,190.4199981689453,,2431.89990234375,1801.800048828125,1699.4599609375,6128.10009765625,16548.0703125,,,12.600000381469727,
1992-06-30 00:00:00,414.6199951171875,3295.199951171875,302.8349914550781,188.85000610351562,,2490.800048828125,1859.4000244140625,1750.3199462890625,5981.39990234375,16783.720703125,,,13.699999809265137,
1992-06-23 00:00:00,411.7699890136719,3318.5,300.875,188.3300018310547,,2497.10009765625,1883.5999755859375,1776.5,6061.89990234375,16717.779296875,,,13.880000114440918,
1992-06-16 00:00:00,403.45001220703125,3285.60009765625,290.0299987792969,186.00999450683594,,2534.10009765625,1915.300048828125,1752.8299560546875,6113.10009765625,15812.73046875,,,14.670000076293945,
1992-06-09 00:00:00,403.6700134277344,3329.5,296.864990234375,188.27000427246094,,2584.800048828125,1913.9000244140625,1776.3399658203125,5787.60009765625,16519.869140625,,,16.309999465942383,
1992-06-02 00:00:00,409.760009765625,3369.89990234375,304.1099853515625,194.44000244140625,,2603.699951171875,1928.300048828125,1786.969970703125,5819.10009765625,17383.6796875,,,14.949999809265137,
1992-05-26 00:00:00,413.4800109863281,3396.10009765625,313.2449951171875,199.13999938964844,,2668.5,1981.5999755859375,1789.050048828125,6035.7998046875,17790.0390625,,,14.649999618530273,
1992-05-19 00:00:00,415.3500061035156,3364.199951171875,315.2950134277344,198.52000427246094,,2707.60009765625,2033.300048828125,1806.3599853515625,6080.2001953125,18347.75,,,13.859999656677246,
1992-05-12 00:00:00,414.0199890136719,3398.0,308.3800048828125,198.08999633789062,,2715.0,2045.0999755859375,1804.4200439453125,5859.7001953125,18221.0,,,13.729999542236328,
1992-05-05 00:00:00,410.0899963378906,3385.10009765625,303.0150146484375,196.92999267578125,,2682.60009765625,2024.0,1719.9200439453125,5704.5,18074.26953125,,,14.819999694824219,
1992-04-28 00:00:00,416.04998779296875,3359.39990234375,311.2650146484375,198.91000366210938,,2725.699951171875,2063.39990234375,1748.1300048828125,5608.2001953125,18375.94921875,,,15.649999618530273,
1992-04-21 00:00:00,412.5299987792969,3307.89990234375,307.4750061035156,196.5500030517578,,2659.800048828125,2031.0999755859375,1728.0899658203125,5484.2001953125,17303.390625,,,16.610000610351562,
1992-04-14 00:00:00,409.0199890136719,3343.300048828125,303.81500244140625,194.55999755859375,,2643.0,1984.9000244140625,1745.719970703125,5330.2001953125,17542.44921875,,,15.710000038146973,
1992-04-07 00:00:00,416.0400085449219,3306.10009765625,319.2349853515625,198.4199981689453,,2638.60009765625,1978.199951171875,1746.8800048828125,5082.7001953125,17580.689453125,,,14.850000381469727,
1992-03-31 00:00:00,404.2900085449219,3213.60009765625,312.9849853515625,197.1199951171875,,2572.60009765625,1974.0999755859375,1733.77001953125,4921.10009765625,17850.66015625,,,16.850000381469727,
1992-03-24 00:00:00,401.54998779296875,3235.5,316.385009765625,199.0399932861328,,2382.699951171875,1942.699951171875,1716.1800537109375,4916.7001953125,18559.7109375,,,16.719999313354492,
1992-03-17 00:00:00,403.5,3261.0,324.2200012207031,203.83999633789062,,2447.89990234375,1923.5,1698.8399658203125,5007.60009765625,19636.990234375,,,16.020000457763672,
1992-03-10 00:00:00,411.29998779296875,3256.0,340.864990234375,208.35000610351562,,2456.60009765625,1919.0999755859375,1730.9000244140625,5015.7998046875,20185.08984375,,,16.81999969482422,
1992-03-03 00:00:00,405.8399963378906,3231.0,336.4700012207031,206.75999450683594,,2476.0,1947.0999755859375,1734.4200439453125,5071.2001953125,20456.060546875,,,18.350000381469727,
1992-02-25 00:00:00,404.44000244140625,3290.300048828125,333.0,207.24000549316406,,2533.10009765625,1966.9000244140625,1746.77001953125,4908.89990234375,20992.990234375,,,19.75,
1992-02-18 00:00:00,412.70001220703125,3257.800048828125,345.8800048828125,211.14999389648438,,2562.10009765625,1983.4000244140625,1746.760009765625,4929.10009765625,21338.810546875,,,16.68000030517578,
1992-02-11 00:00:00,411.42999267578125,3224.699951171875,342.3900146484375,210.39999389648438,,2542.300048828125,1962.4000244140625,1711.2900390625,4736.5,21291.810546875,,,16.8700008392334,
1992-02-04 00:00:00,412.4800109863281,3251.60009765625,346.69500732421875,211.55999755859375,,2513.89990234375,1865.0999755859375,1676.1700439453125,4772.2998046875,20883.859375,,,17.030000686645508,
1992-01-28 00:00:00,411.0899963378906,3272.800048828125,346.80499267578125,210.0800018310547,,2517.199951171875,1861.5999755859375,1686.5899658203125,4711.39990234375,22107.119140625,,,18.510000228881836,
1992-01-21 00:00:00,408.7799987792969,3272.10009765625,338.31500244140625,205.16000366210938,,2571.199951171875,1875.300048828125,1685.699951171875,4601.7998046875,22023.05078125,,,17.399999618530273,
1992-01-14 00:00:00,415.4800109863281,3223.39990234375,345.4549865722656,205.4199981689453,,2510.39990234375,1849.9000244140625,1669.52001953125,4600.10009765625,21072.150390625,,,16.239999771118164,
1992-01-07 00:00:00,418.8599853515625,3246.199951171875,349.7300109863281,205.05999755859375,,2536.699951171875,1860.199951171875,1669.2900390625,4454.89990234375,21321.369140625,,,16.31999969482422,
1991-12-31 00:00:00,415.1000061035156,3204.800048828125,347.1099853515625,199.30999755859375,,2477.89990234375,1837.4000244140625,1613.8199462890625,4348.89990234375,22381.900390625,,,18.450000762939453,
1991-12-24 00:00:00,419.3399963378906,,334.82501220703125,192.08999633789062,,2504.10009765625,1770.300048828125,1604.050048828125,4307.10009765625,22983.76953125,,,18.75,
1991-12-17 00:00:00,406.4599914550781,,316.7749938964844,184.22999572753906,,2418.699951171875,1720.699951171875,1564.27001953125,4236.2001953125,22437.3203125,,,15.699999809265137,
1991-12-10 00:00:00,387.0400085449219,,295.82000732421875,176.07000732421875,,2358.10009765625,1648.5,1545.8699951171875,4142.60009765625,21777.119140625,,,17.649999618530273,
1991-12-03 00:00:00,384.4700012207031,,301.3299865722656,177.5,,2451.60009765625,1688.300048828125,1557.030029296875,4155.5,22754.900390625,,,17.8799991607666,
1991-11-26 00:00:00,379.1000061035156,,296.1400146484375,177.5399932861328,,2388.699951171875,1685.699951171875,1555.31005859375,4190.0,22445.060546875,,,19.040000915527344,
1991-11-19 00:00:00,375.2200012207031,,284.7900085449219,176.3699951171875,,2420.199951171875,1739.699951171875,1571.06005859375,4149.7998046875,22687.349609375,,,20.260000228881836,
1991-11-12 00:00:00,376.1400146484375,,286.32000732421875,177.3699951171875,,2446.300048828125,1741.300048828125,1599.75,4243.10009765625,23117.390625,,,21.200000762939453,
1991-11-05 00:00:00,382.6199951171875,,284.5199890136719,181.72000122070312,,2546.60009765625,1863.199951171875,1626.969970703125,4271.2998046875,24099.1796875,,,21.18000030517578,
1991-10-29 00:00:00,392.8900146484375,,295.54998779296875,186.3000030517578,,2559.0,1857.5999755859375,1610.1800537109375,4236.60009765625,24486.490234375,,,15.430000305175781,
1991-10-22 00:00:00,391.32000732421875,,290.0050048828125,184.6199951171875,,2549.5,1856.699951171875,1572.5799560546875,4037.800048828125,25044.240234375,,,15.600000381469727,
1991-10-15 00:00:00,384.20001220703125,,282.94000244140625,179.94000244140625,,2514.699951171875,1834.800048828125,1572.0699462890625,3971.89990234375,24906.4296875,,,15.75,
1991-10-08 00:00:00,392.5,,293.1099853515625,183.4199981689453,,2601.10009765625,1864.199951171875,1565.1800537109375,4015.89990234375,24894.8203125,,,15.869999885559082,
1991-10-01 00:00:00,381.45001220703125,,281.5,176.97000122070312,,2555.0,1833.800048828125,1569.7099609375,4018.0,24157.720703125,,,17.600000381469727,
1991-09-24 00:00:00,381.25,,280.5150146484375,178.0,,2624.60009765625,1851.9000244140625,1604.8900146484375,4067.699951171875,24596.900390625,,,15.630000114440918,
1991-09-17 00:00:00,385.8999938964844,,285.94000244140625,178.67999267578125,,2599.0,1883.800048828125,1612.800048828125,3938.0,23969.470703125,,,16.309999465942383,
1991-09-10 00:00:00,387.9200134277344,,286.635009765625,179.33999633789062,,2600.300048828125,1885.5,1616.1300048828125,3910.0,23192.740234375,,,17.079999923706055,
1991-09-03 00:00:00,383.5899963378906,,279.4949951171875,176.74000549316406,,2625.800048828125,1876.199951171875,1633.6500244140625,3974.0,23134.4296875,,,17.8799991607666,
1991-08-27 00:00:00,389.1000061035156,,279.9649963378906,177.4499969482422,,2667.39990234375,1860.4000244140625,1646.4100341796875,3970.0,22692.599609375,,,16.760000228881836,
1991-08-20 00:00:00,395.42999267578125,,287.4049987792969,179.11000061035156,,2645.699951171875,1864.300048828125,1649.8800048828125,3998.0,22335.869140625,,,14.460000038146973,
1991-08-13 00:00:00,394.1700134277344,,286.7749938964844,176.2100067138672,,2640.699951171875,1833.5,1636.6800537109375,4021.0,22065.33984375,,,14.40999984741211,
1991-08-06 00:00:00,385.5799865722656,,279.510009765625,174.08999633789062,,2621.0,1820.300048828125,1653.5999755859375,4063.0,22814.369140625,,,16.010000228881836,
1991-07-30 00:00:00,387.1199951171875,,278.1549987792969,173.32000732421875,,2570.60009765625,1783.5,1633.469970703125,4024.0,23434.619140625,,,15.449999809265137,
1991-07-23 00:00:00,387.17999267578125,,275.4700012207031,173.0500030517578,,2601.699951171875,1766.5,1619.6700439453125,4059.0,24027.970703125,,,15.260000228881836,
1991-07-16 00:00:00,380.92999267578125,,264.2200012207031,170.64999389648438,,2589.300048828125,1767.699951171875,1604.949951171875,4031.0,23519.0703125,,,15.449999809265137,
1991-07-09 00:00:00,384.2200012207031,,266.92498779296875,172.8699951171875,,2541.5,1763.5,1624.739990234375,4009.0,22866.359375,,,15.5,
1991-07-02 00:00:00,380.25,,267.44000244140625,170.0500030517578,,2497.39990234375,1754.300048828125,1645.8900146484375,3915.0,23137.779296875,,,18.290000915527344,
1991-06-25 00:00:00,374.0799865722656,,251.97500610351562,167.00999450683594,,2484.699951171875,1723.0999755859375,1618.1600341796875,3892.0,22898.33984375,,,18.350000381469727,
1991-06-18 00:00:00,371.1600036621094,,254.19500732421875,167.61000061035156,,2414.800048828125,1747.5999755859375,1623.72998046875,3668.0,23290.9609375,,,19.549999237060547,
1991-06-11 00:00:00,377.75,,260.2799987792969,172.4499969482422,,2487.5,1806.5999755859375,1706.760009765625,3565.0,24275.080078125,,,16.510000228881836,
1991-06-04 00:00:00,382.2900085449219,,267.79998779296875,175.60000610351562,,2522.300048828125,1858.199951171875,1702.8800048828125,3639.0,25093.890625,,,15.979999542236328,
1991-05-28 00:00:00,379.42999267578125,,270.57000732421875,177.14999389648438,,2506.300048828125,1852.5,1708.3599853515625,3637.0,25035.109375,,,16.979999542236328,
1991-05-21 00:00:00,389.8299865722656,,279.0,178.33999633789062,,2499.5,1861.800048828125,1707.9599609375,3707.0,25789.619140625,,,15.930000305175781,
1991-05-14 00:00:00,377.489990234375,,269.5050048828125,173.22000122070312,,2471.10009765625,1804.800048828125,1662.2900390625,3703.0,25529.140625,,,15.229999542236328,
1991-05-07 00:00:00,372.3900146484375,,260.4649963378906,170.61000061035156,,2453.89990234375,1827.0,1602.5899658203125,3882.0,25701.939453125,,,16.639999389648438,
1991-04-30 00:00:00,375.739990234375,,268.7099914550781,174.27000427246094,,2524.300048828125,1850.300048828125,1620.3900146484375,3750.0,26274.2890625,,,17.540000915527344,
1991-04-23 00:00:00,380.79998779296875,,267.1099853515625,173.9600067138672,,2522.699951171875,1832.0,1633.1300048828125,3737.0,26477.859375,,,17.239999771118164,
1991-04-16 00:00:00,379.0199890136719,,271.29998779296875,173.82000732421875,,2471.300048828125,1774.0,1620.52001953125,3625.0,26123.6796875,,,17.270000457763672,
1991-04-09 00:00:00,384.20001220703125,,274.0050048828125,176.4199981689453,,2520.10009765625,1791.0,1599.8299560546875,3667.0,26541.970703125,,,15.680000305175781,
1991-04-02 00:00:00,380.3999938964844,,279.2049865722656,175.77999877929688,,2526.10009765625,1821.0,1577.6500244140625,3742.0,26582.5,,,18.450000762939453,
1991-03-26 00:00:00,375.3599853515625,,275.44000244140625,173.88999938964844,,2545.300048828125,1852.0,1576.1700439453125,3849.0,26767.330078125,,,17.6299991607666,
1991-03-19 00:00:00,375.2200012207031,,264.9049987792969,171.00999450683594,,2456.5,1816.0,1515.3199462890625,3745.0,26292.0390625,,,16.8799991607666,
1991-03-12 00:00:00,367.4800109863281,,252.27000427246094,165.8000030517578,,2440.5,1772.0,1507.6400146484375,3716.0,26613.189453125,,,16.489999771118164,
1991-03-05 00:00:00,373.5899963378906,,254.6300048828125,165.36000061035156,,2494.199951171875,1800.0,1572.2099609375,3722.0,26843.099609375,,,14.899999618530273,
1991-02-26 00:00:00,374.95001220703125,,262.8599853515625,167.9600067138672,,2455.0,1828.0,1604.6700439453125,3653.0,26607.51953125,,,20.809999465942383,
1991-02-19 00:00:00,370.4700012207031,,252.38999938964844,161.25999450683594,,2386.89990234375,1747.0,1521.300048828125,3552.0,25881.5703125,,,21.229999542236328,
1991-02-12 00:00:00,365.6499938964844,,248.63499450683594,157.41000366210938,,2314.300048828125,1717.0,1574.77001953125,3475.0,25902.810546875,,,21.010000228881836,
1991-02-05 00:00:00,369.05999755859375,,248.3350067138672,156.8300018310547,,2296.89990234375,1670.0,1500.6199951171875,3412.0,25343.740234375,,,19.56999969482422,
1991-01-29 00:00:00,359.3500061035156,,244.47500610351562,151.72000122070312,,2245.199951171875,1622.0,1449.0699462890625,3359.0,24296.080078125,,,23.3799991607666,
1991-01-22 00:00:00,343.04998779296875,,234.4499969482422,145.5,,2165.699951171875,1578.0,1417.52001953125,3223.0,23156.69921875,,,21.040000915527344,
1991-01-15 00:00:00,336.07000732421875,,221.01499938964844,136.49000549316406,,2103.0,1563.0,1381.300048828125,3206.0,23573.25,,,22.200000762939453,
1991-01-08 00:00:00,332.2300109863281,,211.4949951171875,129.83999633789062,,2102.699951171875,1560.0,1401.6500244140625,3072.0,23808.30078125,,,25.389999389648438,
1991-01-01 00:00:00,315.2300109863281,,196.19500732421875,127.62000274658203,,2106.10009765625,1495.0,1377.489990234375,3058.0,23241.01953125,,,32.630001068115234,
1990-12-25 00:00:00,321.0,,196.8249969482422,130.2100067138672,,2126.10009765625,1547.0,1390.0799560546875,3046.0,24069.1796875,,,27.190000534057617,
1990-12-18 00:00:00,328.7200012207031,,199.4199981689453,130.4600067138672,,2160.39990234375,1509.0,1389.3499755859375,3057.0,23848.7109375,,,25.049999237060547,
1990-12-11 00:00:00,331.75,,202.7550048828125,130.85000610351562,,2164.39990234375,1564.0,1421.22998046875,3079.0,24119.599609375,,,22.65999984741211,
1990-12-04 00:00:00,326.82000732421875,,196.13499450683594,130.1699981689453,,2168.39990234375,1635.0,1513.25,3125.0,24349.5,,,23.850000381469727,
1990-11-27 00:00:00,327.75,,199.34500122070312,130.9499969482422,,2183.39990234375,1691.0,1510.97998046875,3163.0,23522.490234375,,,22.59000015258789,
1990-11-20 00:00:00,322.2200012207031,,192.5800018310547,127.51000213623047,,2149.39990234375,1605.0,1436.5699462890625,2965.0,22454.630859375,,,22.15999984741211,
1990-11-13 00:00:00,315.1000061035156,,184.27999877929688,124.26000213623047,,2170.5,1640.0,1477.0400390625,3016.0,23400.279296875,,,20.979999542236328,
1990-11-06 00:00:00,317.1199951171875,,184.9600067138672,124.25,,2068.0,1612.0,1430.199951171875,3008.0,23171.630859375,,,21.34000015258789,
1990-10-30 00:00:00,313.739990234375,,182.24000549316406,121.30000305175781,,2040.5999755859375,1573.0,1384.1199951171875,2932.0,22931.80078125,,,26.959999084472656,
1990-10-23 00:00:00,311.8500061035156,,176.86500549316406,120.36000061035156,,2030.699951171875,1639.0,1420.050048828125,2978.0,24194.990234375,,,30.030000686645508,
1990-10-16 00:00:00,304.7099914550781,,174.2100067138672,120.86000061035156,,2063.10009765625,1618.0,1463.1199951171875,3050.0,25005.640625,,,30.75,
1990-10-09 00:00:00,312.4800109863281,,174.6199951171875,122.12000274658203,,2089.0,1644.0,1484.0899658203125,2991.0,24481.490234375,,,27.860000610351562,
1990-10-02 00:00:00,300.0299987792969,,166.71499633789062,120.37999725341797,,2100.39990234375,1575.0,1461.9000244140625,2915.0,22390.16015625,,,31.940000534057617,
1990-09-25 00:00:00,311.5,,178.36500549316406,126.83999633789062,,2143.89990234375,1552.0,1402.550048828125,2850.0,22827.650390625,,,27.850000381469727,
1990-09-18 00:00:00,306.04998779296875,,177.05499267578125,126.69999694824219,,1990.199951171875,1499.0,1327.97998046875,2760.0,20983.5,,,29.110000610351562,
1990-09-11 00:00:00,311.32000732421875,,183.1999969482422,133.74000549316406,,2025.5,1543.0,1430.469970703125,2931.0,23777.830078125,,,30.040000915527344,
1990-09-04 00:00:00,316.8299865722656,,189.52000427246094,137.88999938964844,,2093.800048828125,1615.0,1561.800048828125,3062.0,24897.4609375,,,30.559999465942383,
1990-08-28 00:00:00,323.3999938964844,,191.8000030517578,140.11000061035156,,2122.89990234375,1619.0,1559.6700439453125,3047.0,23962.0703125,,,28.729999542236328,
1990-08-21 00:00:00,322.55999755859375,,193.61500549316406,139.50999450683594,,2162.800048828125,1690.0,1622.010009765625,3087.0,25978.369140625,,,29.899999618530273,
1990-08-14 00:00:00,311.510009765625,,184.96499633789062,134.22000122070312,,2086.39990234375,1617.0,1545.760009765625,2918.0,24165.759765625,,,33.93000030517578,
1990-08-07 00:00:00,327.8299865722656,,196.84500122070312,145.63999938964844,,2176.89990234375,1665.0,1677.8900146484375,3122.0,26786.720703125,,,27.530000686645508,
1990-07-31 00:00:00,335.5199890136719,,206.22999572753906,150.83999633789062,,2233.800048828125,1778.0,1752.47998046875,3078.0,27329.55078125,,,25.75,
1990-07-24 00:00:00,344.8599853515625,,212.60499572753906,154.35000610351562,,2284.60009765625,1869.0,1848.5,3356.0,29515.759765625,,,28.739999771118164,
1990-07-17 00:00:00,353.44000244140625,,225.63499450683594,163.1699981689453,,2330.10009765625,1965.0,1920.25,3485.0,30863.48046875,,,21.1200008392334,
1990-07-10 00:00:00,361.6099853515625,,232.44000244140625,166.82000732421875,,2400.10009765625,2031.0,1950.1600341796875,3540.0,32421.51953125,,,15.630000114440918,
1990-07-03 00:00:00,367.30999755859375,,244.74000549316406,170.0399932861328,,2382.199951171875,1998.0,1931.8499755859375,3507.0,32644.369140625,,,17.09000015258789,
1990-06-26 00:00:00,358.4200134277344,,238.46499633789062,168.1999969482422,,2340.0,2002.0,1924.0999755859375,3357.0,32445.119140625,,,16.40999984741211,
1990-06-19 00:00:00,358.0199890136719,,238.4600067138672,169.1199951171875,,2374.60009765625,2035.0,1884.6700439453125,3278.0,31940.240234375,,,15.5,
1990-06-12 00:00:00,355.42999267578125,,235.74000549316406,168.00999450683594,,2378.5,2032.0,1874.06005859375,3250.0,31694.5703125,,,19.360000610351562,
1990-06-05 00:00:00,362.9100036621094,,240.78500366210938,170.89999389648438,,2392.300048828125,2012.0,1787.280029296875,3201.0,32538.400390625,,,15.899999618530273,
1990-05-29 00:00:00,358.7099914550781,,234.72999572753906,168.92999267578125,,2366.60009765625,2021.0,1826.56005859375,3174.0,32993.2890625,,,17.579999923706055,
1990-05-22 00:00:00,363.1600036621094,,237.88499450683594,169.6999969482422,,2371.39990234375,2087.0,1850.239990234375,3159.0,32891.12109375,,,17.09000015258789,
1990-05-15 00:00:00,354.5799865722656,,232.1999969482422,167.2899932861328,,2265.60009765625,2112.0,1826.989990234375,3059.0,32793.87890625,,,17.31999969482422,
1990-05-08 00:00:00,354.6400146484375,,228.50999450683594,165.44000244140625,,2269.10009765625,2100.0,1856.449951171875,2925.0,32013.720703125,,,17.200000762939453,
1990-05-01 00:00:00,352.0,,220.88999938964844,163.1199951171875,,2175.89990234375,2092.0,1884.760009765625,2960.0,31512.140625,,,19.809999465942383,
1990-04-24 00:00:00,338.3900146484375,,212.7050018310547,160.38999938964844,,2162.199951171875,2099.0,1904.8499755859375,2946.0,30173.640625,,,17.280000686645508,
1990-04-17 00:00:00,329.1099853515625,,203.6699981689453,157.82000732421875,,2106.60009765625,2066.0,1817.800048828125,2986.0,29584.80078125,,,22.190000534057617,
1990-04-10 00:00:00,335.1199951171875,,208.6199951171875,160.05999755859375,,2187.10009765625,2129.0,1890.6199951171875,3067.0,29835.439453125,,,23.329999923706055,
1990-04-03 00:00:00,344.3399963378906,,216.0449981689453,162.5800018310547,,2222.10009765625,2117.0,1909.8699951171875,2995.0,29213.919921875,,,19.799999237060547,
1990-03-27 00:00:00,340.0799865722656,,212.47500610351562,162.3800048828125,,2221.10009765625,2070.0,1959.0799560546875,2956.0,29278.779296875,,,21.760000228881836,
1990-03-20 00:00:00,339.94000244140625,,213.14500427246094,163.6300048828125,,2247.89990234375,1972.0,1966.75,2997.0,29980.44921875,,,19.729999542236328,
1990-03-13 00:00:00,337.2200012207031,,214.49000549316406,163.6199951171875,,2283.89990234375,1937.0,1921.6400146484375,2974.0,30372.16015625,,,20.459999084472656,
1990-03-06 00:00:00,341.9100036621094,,217.9600067138672,164.2100067138672,,2263.89990234375,1958.0,1881.97998046875,2886.0,32616.439453125,,,17.6200008392334,
1990-02-27 00:00:00,337.92999267578125,,213.82000732421875,162.0800018310547,,2234.300048828125,1921.0,1858.8900146484375,2912.0,33993.12109375,,,20.299999237060547,
1990-02-20 00:00:00,335.5400085449219,,211.5399932861328,159.19000244140625,,2254.800048828125,1860.0,1804.97998046875,2937.0,34057.55859375,,,21.34000015258789,
1990-02-13 00:00:00,324.1499938964844,,201.7949981689453,156.63999938964844,,2223.699951171875,,1788.3900146484375,2894.300048828125,34890.96875,,,23.690000534057617,
1990-02-06 00:00:00,332.7200012207031,,208.35499572753906,159.3000030517578,,2325.89990234375,,1888.8199462890625,2939.300048828125,37460.3203125,,,20.780000686645508,
1990-01-30 00:00:00,333.6199951171875,,208.4949951171875,159.1300048828125,,2313.60009765625,,1895.9300537109375,2893.89990234375,37288.140625,,,23.690000534057617,
1990-01-23 00:00:00,330.9200134277344,,205.61500549316406,156.0,,2355.10009765625,,1908.4599609375,2736.60009765625,37650.1484375,,,24.31999969482422,
1990-01-16 00:00:00,325.79998779296875,,203.2449951171875,156.61000061035156,,2314.5,,1798.219970703125,2768.89990234375,36874.0703125,,,26.280000686645508,
1990-01-09 00:00:00,339.1499938964844,,213.91000366210938,163.57000732421875,,2335.0,,1775.2900390625,2776.300048828125,36836.5390625,,,22.5,
1990-01-02 00:00:00,339.92999267578125,,208.7949981689453,164.3699951171875,,2380.10009765625,,1860.9599609375,2835.0,37516.76953125,,,24.639999389648438,
1989-12-26 00:00:00,352.20001220703125,,223.13999938964844,169.64999389648438,,2444.5,,1812.9000244140625,2839.89990234375,38274.76171875,,,20.110000610351562,
1989-12-19 00:00:00,353.3999938964844,,223.8350067138672,168.30999755859375,,2422.699951171875,,1778.1199951171875,2836.60009765625,38915.87109375,,,,
1989-12-12 00:00:00,347.4200134277344,,217.625,165.19000244140625,,2362.0,,1685.6400146484375,2921.0,38040.37109375,,,,
1989-12-05 00:00:00,350.1400146484375,,214.13999938964844,166.47999572753906,,2344.699951171875,,1628.489990234375,2896.60009765625,38271.0390625,,,,
1989-11-28 00:00:00,348.69000244140625,,224.02499389648438,168.77000427246094,,2363.5,,1646.489990234375,2754.10009765625,37724.05859375,,,,
1989-11-21 00:00:00,350.6300048828125,,225.31500244140625,168.50999450683594,,2311.10009765625,,1603.81005859375,2756.89990234375,37132.6796875,,,,
1989-11-14 00:00:00,343.9700012207031,,224.8350067138672,167.89999389648438,,2222.39990234375,,1549.81005859375,2808.5,36484.46875,,,,
1989-11-07 00:00:00,341.6099853515625,,222.6300048828125,168.25999450683594,,2221.39990234375,,1527.5999755859375,2804.300048828125,35963.73828125,,,,
1989-10-31 00:00:00,339.1000061035156,,222.52999877929688,167.6300048828125,,2216.699951171875,,1490.969970703125,2776.89990234375,35663.19921875,,,,
1989-10-24 00:00:00,337.6199951171875,,219.05499267578125,167.38999938964844,,2173.10009765625,,1445.1300048828125,2739.800048828125,35494.859375,,,,
1989-10-17 00:00:00,335.05999755859375,,218.83999633789062,166.97999572753906,,2082.10009765625,,1467.31005859375,2668.0,35527.2890625,,,,
1989-10-10 00:00:00,347.1600036621094,,231.0500030517578,173.25999450683594,,2179.10009765625,,1520.010009765625,2704.0,35486.37890625,,,,
1989-10-03 00:00:00,333.6499938964844,,224.6649932861328,172.83999633789062,,2233.89990234375,,1595.6300048828125,2782.300048828125,35116.01953125,,,,
1989-09-26 00:00:00,358.7799987792969,,234.40499877929688,180.4499969482422,,2277.5,,1629.6099853515625,2826.199951171875,35209.3515625,,,,
1989-09-19 00:00:00,349.1499938964844,,226.38999938964844,178.2100067138672,,2299.39990234375,,1570.6400146484375,2758.199951171875,35636.76171875,,,,
1989-09-12 00:00:00,347.04998779296875,,223.88999938964844,176.8000030517578,,2370.199951171875,,1626.02001953125,2706.39990234375,34771.7890625,,,,
1989-09-05 00:00:00,345.05999755859375,,221.9600067138672,176.69000244140625,,2366.5,,1607.0799560546875,2612.800048828125,34401.87890625,,,,
1989-08-29 00:00:00,348.760009765625,,222.65499877929688,179.16000366210938,,2423.89990234375,,1654.469970703125,2620.60009765625,34115.80859375,,,,
1989-08-22 00:00:00,353.7300109863281,,223.51499938964844,178.7100067138672,,2407.5,,1608.050048828125,2508.89990234375,34348.21875,,,,
1989-08-15 00:00:00,350.5199890136719,,220.82000732421875,177.10000610351562,,2397.39990234375,,1604.469970703125,2516.800048828125,34739.9296875,,,,
1989-08-08 00:00:00,346.0299987792969,,216.72000122070312,175.94000244140625,,2375.10009765625,,1572.97998046875,2573.199951171875,35063.140625,,,,
1989-08-01 00:00:00,344.739990234375,,216.30499267578125,176.55999755859375,,2354.199951171875,,1610.4200439453125,2613.39990234375,34712.9609375,,,,
1989-07-25 00:00:00,343.9200134277344,,215.13999938964844,175.3800048828125,,2327.5,,1585.3699951171875,2579.10009765625,34741.98828125,,,,
1989-07-18 00:00:00,342.1499938964844,,213.14500427246094,174.1199951171875,,2306.0,,1554.5899658203125,2526.800048828125,34705.62890625,,,,
1989-07-11 00:00:00,335.8999938964844,,210.86500549316406,173.91000366210938,,2283.0,,1556.3800048828125,2495.699951171875,33899.4296875,,,,
1989-07-04 00:00:00,331.8399963378906,,212.86500549316406,172.47000122070312,,2273.699951171875,,1527.5999755859375,2516.10009765625,33574.76953125,,,,
1989-06-27 00:00:00,324.9100036621094,,209.5800018310547,170.16000366210938,,2189.10009765625,,1507.8800048828125,2375.89990234375,33703.96875,,,,
1989-06-20 00:00:00,317.9800109863281,,204.5850067138672,167.4199981689453,,2151.0,,1477.219970703125,2273.89990234375,32948.69140625,,,,
1989-06-13 00:00:00,328.0,,214.25999450683594,171.44000244140625,,2167.5,,1485.31005859375,2219.0,33530.7109375,,,,
1989-06-06 00:00:00,321.3500061035156,,212.81500244140625,171.4499969482422,,2143.89990234375,,1430.2099609375,2342.39990234375,33055.171875,,,,
1989-05-30 00:00:00,326.69000244140625,,218.7949981689453,173.3699951171875,,2142.10009765625,,1436.9000244140625,2268.39990234375,33639.98046875,,,,
1989-05-23 00:00:00,325.5199890136719,,217.7899932861328,173.41000366210938,,2102.60009765625,,1417.8299560546875,2675.39990234375,33667.421875,,,,
1989-05-16 00:00:00,321.5899963378906,,214.43499755859375,171.00999450683594,,2140.300048828125,,1373.550048828125,2765.699951171875,34191.62109375,,,,
1989-05-09 00:00:00,321.239990234375,,212.61000061035156,169.63999938964844,,2204.699951171875,,1354.0799560546875,3145.60009765625,34001.9609375,,,,
1989-05-02 00:00:00,313.8399963378906,,207.15499877929688,167.1199951171875,,2135.699951171875,,1348.260009765625,3278.39990234375,33866.328125,,,,
1989-04-25 00:00:00,307.6099853515625,,203.44000244140625,165.72000122070312,,2132.800048828125,,1380.280029296875,3262.89990234375,33954.98828125,,,,
1989-04-18 00:00:00,309.6400146484375,,200.47000122070312,164.67999267578125,,2118.0,,1374.0400390625,3116.0,33713.3515625,,,,
1989-04-11 00:00:00,309.6099853515625,,198.86000061035156,163.30999755859375,,2061.0,,1375.9300537109375,3109.199951171875,33029.80859375,,,,
1989-04-04 00:00:00,301.3599853515625,,194.6300048828125,161.6300048828125,,2053.60009765625,,1378.3499755859375,3082.699951171875,33150.44140625,,,,
1989-03-28 00:00:00,297.1600036621094,,188.39999389648438,159.27000427246094,,2045.699951171875,,1346.0699462890625,3024.10009765625,33185.05078125,,,,
1989-03-21 00:00:00,294.8699951171875,,185.8699951171875,157.89999389648438,,2075.0,,1319.8800048828125,3005.0,32838.6796875,,,,
1989-03-14 00:00:00,288.9800109863281,,181.0399932861328,156.00999450683594,,2057.0,,1303.760009765625,3049.60009765625,31568.51953125,,,,
1989-03-07 00:00:00,292.69000244140625,,182.00999450683594,156.7100067138672,,2073.10009765625,,1325.510009765625,3136.89990234375,32021.009765625,,,,
1989-02-28 00:00:00,292.8800048828125,,184.9949951171875,157.75,,2085.199951171875,,1320.3599853515625,3046.800048828125,31701.779296875,,,,
1989-02-21 00:00:00,291.17999267578125,,185.81500244140625,156.32000732421875,,2059.199951171875,,1324.8900146484375,3056.60009765625,32000.099609375,,,,
1989-02-14 00:00:00,287.1300048828125,,184.58999633789062,154.25,,2019.5,,1284.449951171875,3114.199951171875,32452.490234375,,,,
1989-02-07 00:00:00,296.760009765625,,188.50999450683594,157.07000732421875,,2042.9000244140625,,1319.9300537109375,3106.300048828125,32173.390625,,,,
1989-01-31 00:00:00,292.0199890136719,,185.7050018310547,155.07000732421875,,2056.10009765625,,1347.1700439453125,3184.199951171875,32131.990234375,,,,
1989-01-24 00:00:00,296.9700012207031,,189.97500610351562,155.69000244140625,,2069.89990234375,,1328.989990234375,3106.0,31685.779296875,,,,
1989-01-17 00:00:00,293.82000732421875,,183.5449981689453,152.9199981689453,,2005.9000244140625,,1341.8199462890625,2957.0,31679.0,,,,
1989-01-10 00:00:00,286.6300048828125,,180.32000732421875,151.39999389648438,,1917.5,,1329.81005859375,2897.89990234375,31170.380859375,,,,
1989-01-03 00:00:00,283.8699951171875,,179.10000610351562,149.92999267578125,,1862.0999755859375,,1356.699951171875,2844.0,31298.380859375,,,,
1988-12-27 00:00:00,280.6700134277344,,177.52000427246094,149.8300018310547,,1811.300048828125,,1356.47998046875,2766.699951171875,30209.5390625,,,,
1988-12-20 00:00:00,277.7200012207031,,177.41000366210938,147.3699951171875,,1793.0999755859375,,1330.22998046875,2687.39990234375,30159.0,,,,
1988-12-13 00:00:00,277.8699951171875,,175.61000061035156,144.8800048828125,,1774.0,,1326.199951171875,2656.60009765625,29686.0,,,,
1988-12-06 00:00:00,276.2900085449219,,174.01499938964844,144.33999633789062,,1773.699951171875,,1298.31005859375,2629.10009765625,29536.7109375,,,,
1988-11-29 00:00:00,277.0299987792969,,171.7949981689453,143.86000061035156,,1750.300048828125,,1300.760009765625,2671.39990234375,29793.419921875,,,,
1988-11-22 00:00:00,271.80999755859375,,171.61500549316406,142.77000427246094,,1765.0,,1272.0899658203125,2667.300048828125,29666.0,,,,
1988-11-15 00:00:00,267.2300109863281,,165.72000122070312,140.13999938964844,,1794.699951171875,,1275.6700439453125,2656.10009765625,29364.0,,,,
1988-11-08 00:00:00,266.4700012207031,,166.52499389648438,140.86000061035156,,1823.4000244140625,,1278.25,2581.199951171875,29180.19921875,,,,
1988-11-01 00:00:00,267.9200134277344,,169.24000549316406,143.6699981689453,,1802.699951171875,,1252.1099853515625,2583.699951171875,28489.5703125,,,,
1988-10-25 00:00:00,276.30999755859375,,173.55999755859375,146.25,,1834.300048828125,,1289.3699951171875,2584.5,28047.0,,,,
1988-10-18 00:00:00,278.5299987792969,,174.88499450683594,147.1699981689453,,1858.4000244140625,,1314.7099609375,2614.5,27961.0,,,,
1988-10-11 00:00:00,283.6600036621094,,179.74000549316406,148.9499969482422,,1859.300048828125,,1297.5999755859375,2581.699951171875,27339.0,,,,
1988-10-04 00:00:00,275.5,,175.3699951171875,148.1999969482422,,1840.5999755859375,,1284.510009765625,2593.0,27306.5703125,,,,
1988-09-27 00:00:00,278.07000732421875,,176.0,148.60000610351562,,1844.699951171875,,1265.06005859375,2478.89990234375,27258.26953125,,,,
1988-09-20 00:00:00,271.9100036621094,,179.36500549316406,149.08999633789062,,1826.5,,1253.6800537109375,2441.0,27700.0,,,,
1988-09-13 00:00:00,269.760009765625,,177.47500610351562,147.8300018310547,,1792.4000244140625,,1250.43994140625,2454.39990234375,27390.0,,,,
1988-09-06 00:00:00,270.6499938964844,,176.64500427246094,148.02999877929688,,1766.699951171875,,1229.280029296875,2458.800048828125,27866.380859375,,,,
1988-08-30 00:00:00,266.8399963378906,,175.47999572753906,147.22999572753906,,1738.4000244140625,,1186.5899658203125,2496.60009765625,27647.099609375,,,,
1988-08-23 00:00:00,264.4800109863281,,171.46499633789062,145.47999572753906,,1746.9000244140625,,1152.9200439453125,2449.89990234375,27488.0,,,,
1988-08-16 00:00:00,259.67999267578125,,170.97999572753906,144.4499969482422,,1770.699951171875,,1156.5799560546875,2464.800048828125,27679.0,,,,
1988-08-09 00:00:00,260.239990234375,,172.81500244140625,145.67999267578125,,1844.300048828125,,1164.469970703125,2579.800048828125,28209.419921875,,,,
1988-08-02 00:00:00,262.54998779296875,,173.7449951171875,146.9499969482422,,1843.4000244140625,,1172.6099853515625,2600.89990234375,27833.509765625,,,,
1988-07-26 00:00:00,271.1499938964844,,179.89500427246094,150.30999755859375,,1875.9000244140625,,1193.8699951171875,2671.199951171875,28362.0,,,,
1988-07-19 00:00:00,272.0199890136719,,181.16000366210938,149.88999938964844,,1853.5999755859375,,1178.530029296875,2678.89990234375,28200.0,,,,
1988-07-12 00:00:00,263.5,,181.86000061035156,149.52000427246094,,1844.800048828125,,1156.25,2661.800048828125,27301.0,,,,
1988-07-05 00:00:00,272.04998779296875,,188.50999450683594,151.4199981689453,,1861.5,,1189.5899658203125,2740.699951171875,27913.7890625,,,,
1988-06-28 00:00:00,270.0199890136719,,188.14500427246094,151.16000366210938,,1877.199951171875,,1199.9200439453125,2752.89990234375,27917.080078125,,,,
1988-06-21 00:00:00,271.7799987792969,,189.9550018310547,151.02999877929688,,1858.199951171875,,1153.6800537109375,2684.60009765625,27363.0,,,,
1988-06-14 00:00:00,273.7799987792969,,187.35000610351562,149.22999572753906,,1871.300048828125,,1131.18994140625,2707.60009765625,27556.0,,,,
1988-06-07 00:00:00,270.67999267578125,,183.94000244140625,147.14999389648438,,1850.0999755859375,,1124.1400146484375,2718.0,28342.4609375,,,,
1988-05-31 00:00:00,271.260009765625,,184.28500366210938,147.08999633789062,,1849.800048828125,,1115.780029296875,2647.39990234375,27920.359375,,,,
1988-05-24 00:00:00,266.45001220703125,,178.0050048828125,143.5,,1819.199951171875,,1102.030029296875,2568.300048828125,27906.0,,,,
1988-05-17 00:00:00,253.4199981689453,,169.5850067138672,140.08999633789062,,1783.699951171875,,1054.9200439453125,2513.699951171875,26963.0,,,,
1988-05-10 00:00:00,253.02000427246094,,169.88499450683594,140.14999389648438,,1770.199951171875,,1031.3299560546875,2491.199951171875,27393.849609375,,,,
1988-05-03 00:00:00,256.7799987792969,,173.84500122070312,142.1699981689453,,1781.800048828125,,1006.969970703125,2532.60009765625,27468.310546875,,,,
1988-04-26 00:00:00,257.4800109863281,,177.17999267578125,144.63999938964844,,1801.0999755859375,,1037.239990234375,2571.699951171875,27488.0,,,,
1988-04-19 00:00:00,261.3299865722656,,175.9199981689453,145.00999450683594,,1802.199951171875,,1049.1700439453125,2602.89990234375,27510.0,,,,
1988-04-12 00:00:00,260.1400146484375,,173.32000732421875,141.6999969482422,,1771.5999755859375,,1067.06005859375,2591.39990234375,27058.0,,,,
1988-04-05 00:00:00,259.7699890136719,,173.13499450683594,141.1199951171875,,1778.5999755859375,,1071.22998046875,2599.0,26893.5703125,,,,
1988-03-29 00:00:00,269.42999267578125,,178.92999267578125,144.10000610351562,,1779.699951171875,,1078.4100341796875,2619.89990234375,26748.890625,,,,
1988-03-22 00:00:00,258.8900146484375,,173.25999450683594,142.14999389648438,,1742.5,,1062.3299560546875,2544.0,26282.0,,,,
1988-03-15 00:00:00,258.510009765625,,172.8800048828125,140.3800048828125,,1767.9000244140625,,1065.7099609375,2501.39990234375,25321.0,,,,
1988-03-08 00:00:00,271.1199951171875,,181.03500366210938,142.72000122070312,,1855.5,,1123.27001953125,2607.60009765625,25966.259765625,,,,
1988-03-01 00:00:00,264.94000244140625,,177.88999938964844,140.58999633789062,,1811.5999755859375,,1073.449951171875,2595.5,25543.73046875,,,,
1988-02-23 00:00:00,267.29998779296875,,177.38999938964844,138.05999755859375,,1834.5,,1075.1300048828125,2472.39990234375,25628.0,,,,
1988-02-16 00:00:00,262.4599914550781,,170.64500427246094,134.1699981689453,,1766.5,,1079.4000244140625,2383.89990234375,25285.0,,,,
1988-02-09 00:00:00,261.6099853515625,,167.0749969482422,131.22999572753906,,1729.800048828125,,1046.780029296875,2328.0,24773.41015625,,,,
1988-02-02 00:00:00,257.6300048828125,,163.93499755859375,129.2100067138672,,1734.0,,1033.489990234375,2287.199951171875,23981.939453125,,,,
1988-01-26 00:00:00,250.9600067138672,,158.01499938964844,125.7699966430664,,1737.800048828125,,979.3800048828125,2292.60009765625,23792.0,,,,
1988-01-19 00:00:00,257.07000732421875,,159.1300048828125,125.23999786376953,,1790.800048828125,,936.0,2409.699951171875,23719.0,,,,
1988-01-12 00:00:00,246.5,,154.35499572753906,122.79000091552734,,1770.9000244140625,,966.47998046875,2422.39990234375,23125.0,,,,
1988-01-05 00:00:00,252.0500030517578,,159.8249969482422,123.66999816894531,,1786.699951171875,,952.4600219726562,2429.800048828125,22603.650390625,,,,
1987-12-29 00:00:00,243.39999389648438,,158.19500732421875,123.83999633789062,,1773.4000244140625,,1026.68994140625,2460.699951171875,22872.560546875,,,,
1987-12-22 00:00:00,247.0800018310547,,156.25,120.41999816894531,,1713.9000244140625,,1005.1900024414062,2302.800048828125,21564.0,,,,
1987-12-15 00:00:00,252.02999877929688,,158.18499755859375,121.58999633789062,,1791.0999755859375,,,2379.10009765625,21533.0,,,,
1987-12-08 00:00:00,249.16000366210938,,154.7449951171875,119.45999908447266,,1717.0,,,2180.5,22826.970703125,,,,
1987-12-01 00:00:00,235.32000732421875,,139.82000732421875,109.31999969482422,,1651.5999755859375,,,1989.5999755859375,23035.810546875,,,,
1987-11-24 00:00:00,223.9199981689453,,130.43499755859375,106.5,,1582.699951171875,,,1994.199951171875,22673.0,,,,
1987-11-17 00:00:00,240.33999633789062,,143.35499572753906,115.61000061035156,,1651.5999755859375,,,2194.0,23052.0,,,,
1987-11-10 00:00:00,242.0,,140.8350067138672,114.44999694824219,,1633.0,,,2214.699951171875,22705.560546875,,,,
1987-11-03 00:00:00,245.63999938964844,,147.9499969482422,118.30999755859375,,1678.300048828125,,,2226.699951171875,22448.25,,,,
1987-10-27 00:00:00,250.41000366210938,,150.67999267578125,119.33000183105469,,1620.800048828125,,,2113.699951171875,22637.0,,,,
1987-10-20 00:00:00,251.7899932861328,,150.07000732421875,118.26000213623047,,1749.800048828125,,,2204.5,23329.0,,,,
1987-10-13 00:00:00,248.22000122070312,,145.4199981689453,121.58999633789062,,1795.199951171875,,,3362.39990234375,23299.0,,,,
1987-10-06 00:00:00,282.70001220703125,,183.28500366210938,152.74000549316406,,2301.89990234375,,,3783.199951171875,26366.740234375,,,,
1987-09-29 00:00:00,311.07000732421875,,202.46499633789062,166.1199951171875,,2366.5,,,3882.39990234375,26338.76953125,,,,
1987-09-22 00:00:00,328.07000732421875,,212.14500427246094,172.0800018310547,,2382.199951171875,,,3902.699951171875,26007.0,,,,
1987-09-15 00:00:00,320.1600036621094,,205.11500549316406,168.85000610351562,,2342.60009765625,,,3840.10009765625,25513.0,,,,
1987-09-08 00:00:00,314.8599853515625,,201.6750030517578,168.75,,2328.300048828125,,,3650.0,24844.83984375,,,,
1987-09-01 00:00:00,321.9800109863281,,206.36500549316406,170.5399932861328,,2261.199951171875,,,3660.5,24828.26953125,,,,
1987-08-25 00:00:00,316.70001220703125,,204.05999755859375,,,2274.89990234375,,,3654.5,25355.0,,,,
1987-08-18 00:00:00,327.0400085449219,,208.84500122070312,,,2249.699951171875,,,3611.699951171875,26048.0,,,,
1987-08-11 00:00:00,335.8999938964844,,210.5749969482422,,,2205.800048828125,,,3446.60009765625,25765.0,,,,
1987-08-04 00:00:00,333.989990234375,,206.46499633789062,,,2295.39990234375,,,3512.199951171875,25494.009765625,,,,
1987-07-28 00:00:00,323.0,,203.72999572753906,,,2226.199951171875,,,3536.199951171875,24800.94921875,,,,
1987-07-21 00:00:00,318.6600036621094,,196.35000610351562,,,2360.89990234375,,,3479.199951171875,24756.0,,,,
1987-07-14 00:00:00,309.2699890136719,,193.02499389648438,,,2346.89990234375,,,3343.60009765625,23965.0,,,,
1987-07-07 00:00:00,314.5899963378906,,195.86500549316406,,,2428.699951171875,,,3342.10009765625,23983.44921875,,,,
1987-06-30 00:00:00,308.3699951171875,,188.73500061035156,,,2382.0,,,3207.199951171875,24102.990234375,,,,
1987-06-23 00:00:00,305.6300048828125,,190.38499450683594,,,2328.10009765625,,,3226.0,24159.0,,,,
1987-06-16 00:00:00,307.1600036621094,,191.05999755859375,,,2291.300048828125,,,3138.699951171875,24903.0,,,,
1987-06-09 00:00:00,306.9700012207031,,192.0500030517578,,,2266.10009765625,,,3165.60009765625,25288.119140625,,,,
1987-06-02 00:00:00,301.6199951171875,,190.36000061035156,,,2289.5,,,3129.89990234375,25894.26953125,,,,
1987-05-26 00:00:00,293.45001220703125,,185.68499755859375,,,2228.800048828125,,,3064.300048828125,25364.0,,,,
1987-05-19 00:00:00,290.1000061035156,,188.77000427246094,,,2203.0,,,2950.800048828125,24902.0,,,,
1987-05-12 00:00:00,282.1600036621094,,181.63999938964844,,,2167.5,,,2897.60009765625,24533.0,,,,
1987-05-05 00:00:00,287.42999267578125,,187.91000366210938,,,2189.699951171875,,,2872.199951171875,24729.029296875,,,,
1987-04-28 00:00:00,293.3699951171875,,190.36000061035156,,,2126.5,,,2805.10009765625,24589.23046875,,,,
1987-04-21 00:00:00,288.0299987792969,,185.8300018310547,,,2068.5,,,2685.39990234375,24009.0,,,,
1987-04-14 00:00:00,281.5199890136719,,180.375,,,2001.5,,,2707.60009765625,23904.0,,,,
1987-04-07 00:00:00,286.9100036621094,,183.7449951171875,,,1949.4000244140625,,,2721.10009765625,23938.349609375,,,,
1987-03-31 00:00:00,292.489990234375,,188.28500366210938,,,1936.699951171875,,,2766.39990234375,23216.58984375,,,,
1987-03-24 00:00:00,300.4100036621094,,191.36000061035156,,,1965.0999755859375,,,2680.0,22739.0,,,,
1987-03-17 00:00:00,296.1300048828125,,189.0500030517578,,,2048.60009765625,,,2798.699951171875,22178.0,,,,
1987-03-10 00:00:00,298.1700134277344,,189.8249969482422,,,2017.5,,,2780.60009765625,21657.669921875,,,,
1987-03-03 00:00:00,289.8900146484375,,183.1649932861328,,,2000.0,,,2721.199951171875,21497.94921875,,,,
1987-02-24 00:00:00,290.6600036621094,,184.28500366210938,,,1998.199951171875,,,2798.60009765625,21123.0,,,,
1987-02-17 00:00:00,284.20001220703125,,182.75,,,1979.199951171875,,,2877.89990234375,20767.0,,,,
1987-02-10 00:00:00,285.4800109863281,,178.68499755859375,,,1961.5,,,2827.39990234375,20080.390625,,,,
1987-02-03 00:00:00,279.70001220703125,,179.06500244140625,,,1898.0999755859375,,,2740.5,19628.869140625,,,,
1987-01-27 00:00:00,280.0400085449219,,174.6300048828125,,,1898.4000244140625,,,2673.60009765625,19550.0,,,,
1987-01-20 00:00:00,274.0799865722656,,166.6750030517578,,,1808.300048828125,,,2553.300048828125,20024.0,,,,
1987-01-13 00:00:00,270.1000061035156,,166.76499938964844,,,1795.300048828125,,,2499.39990234375,19539.0,,,,
1987-01-06 00:00:00,266.2799987792969,,162.51499938964844,,,1789.0,,,2542.60009765625,19149.630859375,,,,
1986-12-30 00:00:00,258.7300109863281,,156.99000549316406,,,1752.300048828125,,,2561.699951171875,18810.359375,,,,
1986-12-23 00:00:00,246.4499969482422,,142.86000061035156,,,1681.0999755859375,,,2540.10009765625,,,,,
1986-12-16 00:00:00,246.9199981689453,,142.93499755859375,,,1665.0999755859375,,,,18701.0,,,,
1986-12-09 00:00:00,249.72999572753906,,143.77000427246094,,,1632.199951171875,,,,18930.029296875,,,,
1986-12-02 00:00:00,247.35000610351562,,144.97999572753906,,,1629.800048828125,,,,18830.640625,,,,
1986-11-25 00:00:00,251.1699981689453,,149.0449981689453,,,1613.5,,,,18605.0,,,,
1986-11-18 00:00:00,249.22000122070312,,147.94000244140625,,,1636.699951171875,,,,18326.0,,,,
1986-11-11 00:00:00,245.86000061035156,,142.89999389648438,,,1624.9000244140625,,,,17648.0,,,,
1986-11-04 00:00:00,244.5,,143.5050048828125,,,1644.300048828125,,,,17390.5,,,,
1986-10-28 00:00:00,245.77000427246094,,144.91000366210938,,,1662.5999755859375,,,,16973.640625,,,,
1986-10-21 00:00:00,243.97999572753906,,144.47999572753906,,,1632.0999755859375,,,,16837.0,,,,
1986-10-14 00:00:00,238.25999450683594,,141.96499633789062,,,1577.0999755859375,,,,16164.0,,,,
1986-10-07 00:00:00,238.83999633789062,,141.19500732421875,,,1610.0,,,,16701.33984375,,,,
1986-09-30 00:00:00,235.47999572753906,,139.8699951171875,,,1599.4000244140625,,,,17650.23046875,,,,
1986-09-23 00:00:00,233.7100067138672,,138.55499267578125,,,1560.800048828125,,,,17606.0,,,,
1986-09-16 00:00:00,232.22999572753906,,137.5850067138672,,,1568.5999755859375,,,,18181.0,,,,
1986-09-09 00:00:00,232.2100067138672,,138.4550018310547,,,1600.4000244140625,,,,17523.44921875,,,,
1986-09-02 00:00:00,230.6699981689453,,135.03500366210938,,,1608.5999755859375,,,,18100.51953125,,,,
1986-08-26 00:00:00,250.47000122070312,,149.6699981689453,,,1684.800048828125,,,,18764.0,,,,
1986-08-19 00:00:00,252.92999267578125,,151.6999969482422,,,1661.199951171875,,,,18533.6796875,,,,
1986-08-12 00:00:00,250.19000244140625,,150.94500732421875,,,1607.0999755859375,,,,18441.310546875,,,,
1986-08-05 00:00:00,247.14999389648438,,149.5749969482422,,,1601.9000244140625,,,,18376.41015625,,,,
1986-07-29 00:00:00,236.8800048828125,,142.2949981689453,,,1526.699951171875,,,,17435.529296875,,,,
1986-07-22 00:00:00,234.91000366210938,,144.19000244140625,,,1561.800048828125,,,,17321.9296875,,,,
1986-07-15 00:00:00,240.22000122070312,,148.25999450683594,,,1545.800048828125,,,,18050.58984375,,,,
1986-07-08 00:00:00,236.36000061035156,,147.75999450683594,,,1584.4000244140625,,,,17838.83984375,,,,
1986-07-01 00:00:00,242.22000122070312,,152.85499572753906,,,1626.4000244140625,,,,17670.76953125,,,,
1986-06-24 00:00:00,251.7899932861328,,164.51499938964844,,,1649.4000244140625,,,,17597.73046875,,,,
1986-06-17 00:00:00,249.60000610351562,,161.61500549316406,,,1639.0999755859375,,,,17500.4296875,,,,
1986-06-10 00:00:00,247.5800018310547,,159.5850067138672,,,1637.199951171875,,,,17403.130859375,,,,
1986-06-03 00:00:00,245.72999572753906,,162.35499572753906,,,1582.4000244140625,,,,17205.970703125,,,,
1986-05-27 00:00:00,245.6699981689453,,161.88499450683594,,,1611.9000244140625,,,,16817.91015625,,,,
1986-05-20 00:00:00,247.35000610351562,,163.16000366210938,,,1602.800048828125,,,,16670.76953125,,,,
1986-05-13 00:00:00,241.35000610351562,,160.1649932861328,,,1617.4000244140625,,,,16204.98046875,,,,
1986-05-06 00:00:00,232.75999450683594,,154.9949951171875,,,1564.9000244140625,,,,15739.0498046875,,,,
1986-04-29 00:00:00,237.85000610351562,,157.9149932861328,,,1601.5999755859375,,,,16194.98046875,,,,
1986-04-22 00:00:00,234.7899932861328,,155.00999450683594,,,1652.5,,,,15868.4404296875,,,,
1986-04-15 00:00:00,242.2899932861328,,160.4600067138672,,,1622.5999755859375,,,,15689.8798828125,,,,
1986-04-08 00:00:00,242.3800048828125,,157.66000366210938,,,1680.199951171875,,,,15758.6103515625,,,,
1986-04-01 00:00:00,235.97000122070312,,152.6649932861328,,,1694.0999755859375,,,,15326.3798828125,,,,
1986-03-25 00:00:00,228.69000244140625,,147.03500366210938,,,1709.699951171875,,,,15019.8095703125,,,,
1986-03-18 00:00:00,238.97000122070312,,148.375,,,1668.800048828125,,,,15364.33984375,,,,
1986-03-11 00:00:00,233.33999633789062,,148.0050048828125,,,1688.300048828125,,,,15014.0,,,,
1986-03-04 00:00:00,236.5500030517578,,147.0,,,1624.4000244140625,,,,14516.76953125,,,,
1986-02-25 00:00:00,225.57000732421875,,140.7100067138672,,,1573.800048828125,,,,13994.6298828125,,,,
1986-02-18 00:00:00,226.9199981689453,,140.4250030517578,,,1543.9000244140625,,,,13640.830078125,,,,
1986-02-11 00:00:00,224.6199951171875,,141.14500427246094,,,1518.0,,,,13394.3095703125,,,,
1986-02-04 00:00:00,219.75999450683594,,140.16000366210938,,,1477.9000244140625,,,,13342.7802734375,,,,
1986-01-28 00:00:00,214.55999755859375,,137.4199981689453,,,1445.0,,,,13212.1298828125,,,,
1986-01-21 00:00:00,211.77999877929688,,132.9250030517578,,,1435.0,,,,13024.2998046875,,,,
1986-01-14 00:00:00,206.42999267578125,,130.1999969482422,,,1392.0,,,,12904.2001953125,,,,
1986-01-07 00:00:00,208.42999267578125,,132.77000427246094,,,1396.0,,,,13009.7001953125,,,,
1985-12-31 00:00:00,205.9600067138672,,129.56500244140625,,,1394.5,,,,12998.2099609375,,,,
1985-12-24 00:00:00,210.8800048828125,,130.5500030517578,,,1429.800048828125,,,,,,,,
1985-12-17 00:00:00,209.61000061035156,,131.48500061035156,,,1398.9000244140625,,,,13083.1796875,,,,
1985-12-10 00:00:00,210.94000244140625,,132.25999450683594,,,1386.5,,,,13011.08984375,,,,
1985-12-03 00:00:00,209.94000244140625,,132.125,,,1381.4000244140625,,,,13107.98046875,,,,
1985-11-26 00:00:00,202.99000549316406,,126.95500183105469,,,1401.9000244140625,,,,12793.5302734375,,,,
1985-11-19 00:00:00,202.1699981689453,,126.05999755859375,,,1439.0999755859375,,,,12763.26953125,,,,
1985-11-12 00:00:00,201.52000427246094,,123.97000122070312,,,1451.0,,,,12759.330078125,,,,
1985-11-05 00:00:00,198.11000061035156,,122.17500305175781,,,1403.9000244140625,,,,12637.4404296875,,,,
1985-10-29 00:00:00,193.72000122070312,,119.26000213623047,,,1390.0999755859375,,,,12851.0498046875,,,,
1985-10-22 00:00:00,191.52999877929688,,116.2750015258789,,,1379.0,,,,12808.099609375,,,,
1985-10-15 00:00:00,187.52000427246094,,113.91000366210938,,,1347.5999755859375,,,,12854.990234375,,,,
1985-10-08 00:00:00,187.0399932861328,,114.31999969482422,,,1341.199951171875,,,,12973.2197265625,,,,
1985-10-01 00:00:00,184.27999877929688,,111.05000305175781,,,1322.300048828125,,,,12949.919921875,,,,
1985-09-24 00:00:00,183.22000122070312,,110.07499694824219,,,1313.0,,,,12713.830078125,,,,
1985-09-17 00:00:00,181.2899932861328,,,,,1280.699951171875,,,,12639.0,,,,
1985-09-10 00:00:00,182.0500030517578,,,,,1298.699951171875,,,,12666.9501953125,,,,
1985-09-03 00:00:00,182.91000366210938,,,,,1308.800048828125,,,,12585.7001953125,,,,
1985-08-27 00:00:00,188.24000549316406,,,,,1332.199951171875,,,,12453.849609375,,,,
1985-08-20 00:00:00,188.6300048828125,,,,,1340.800048828125,,,,12713.150390625,,,,
1985-08-13 00:00:00,187.1699981689453,,,,,1313.5,,,,12691.41015625,,,,
1985-08-06 00:00:00,186.10000610351562,,,,,1299.0999755859375,,,,12583.080078125,,,,
1985-07-30 00:00:00,188.32000732421875,,,,,1286.300048828125,,,,12401.1904296875,,,,
1985-07-23 00:00:00,191.47999572753906,,,,,1280.4000244140625,,,,12525.9599609375,,,,
1985-07-16 00:00:00,192.39999389648438,,,,,1239.699951171875,,,,12648.08984375,,,,
1985-07-09 00:00:00,195.1300048828125,,,,,1252.5,,,,12788.5400390625,,,,
1985-07-02 00:00:00,193.2899932861328,,,,,1230.800048828125,,,,12839.490234375,,,,
1985-06-25 00:00:00,192.52000427246094,,,,,1260.0,,,,12963.349609375,,,,
1985-06-18 00:00:00,191.85000610351562,,,,,1234.9000244140625,,,,12882.08984375,,,,
1985-06-11 00:00:00,189.61000061035156,,,,,1262.0,,,,12634.759765625,,,,
1985-06-04 00:00:00,187.10000610351562,,,,,1275.5,,,,12685.25,,,,
1985-05-28 00:00:00,189.67999267578125,,,,,1310.5999755859375,,,,12716.58984375,,,,
1985-05-21 00:00:00,189.5500030517578,,,,,1313.0,,,,12758.4599609375,,,,
1985-05-14 00:00:00,188.2899932861328,,,,,1313.800048828125,,,,12593.849609375,,,,
1985-05-07 00:00:00,187.4199981689453,,,,,1327.4000244140625,,,,12419.990234375,,,,
1985-04-30 00:00:00,184.27999877929688,,,,,1315.800048828125,,,,12527.3095703125,,,,
1985-04-23 00:00:00,180.0800018310547,,,,,1310.9000244140625,,,,12451.7900390625,,,,
1985-04-16 00:00:00,182.17999267578125,,,,,1295.300048828125,,,,12405.099609375,,,,
1985-04-09 00:00:00,181.11000061035156,,,,,1299.699951171875,,,,12114.7998046875,,,,
1985-04-02 00:00:00,180.5399932861328,,,,,1275.800048828125,,,,12588.009765625,,,,
1985-03-26 00:00:00,179.02999877929688,,,,,1278.5,,,,12544.240234375,,,,
1985-03-19 00:00:00,180.66000366210938,,,,,1277.0,,,,12580.759765625,,,,
1985-03-12 00:00:00,179.0399932861328,,,,,1302.9000244140625,,,,12542.599609375,,,,
1985-03-05 00:00:00,176.52999877929688,,,,,1309.9000244140625,,,,12468.0302734375,,,,
1985-02-26 00:00:00,179.10000610351562,,,,,1288.5999755859375,,,,12347.5302734375,,,,
1985-02-19 00:00:00,183.22999572753906,,,,,1250.800048828125,,,,12412.1396484375,,,,
1985-02-12 00:00:00,179.36000061035156,,,,,1268.9000244140625,,,,12147.0595703125,,,,
1985-02-05 00:00:00,181.60000610351562,,,,,1281.5,,,,12148.2900390625,,,,
1985-01-29 00:00:00,182.19000244140625,,,,,1295.300048828125,,,,12009.009765625,,,,
1985-01-22 00:00:00,178.6300048828125,,,,,1272.5999755859375,,,,11946.9599609375,,,,
1985-01-15 00:00:00,177.35000610351562,,,,,1288.0,,,,11785.099609375,,,,
1985-01-08 00:00:00,171.32000732421875,,,,,1277.9000244140625,,,,11910.0595703125,,,,
1985-01-01 00:00:00,167.91000366210938,,,,,1248.5999755859375,,,,11812.240234375,,,,
1984-12-25 00:00:00,163.67999267578125,,,,,1214.5999755859375,,,,11558.0595703125,,,,
1984-12-18 00:00:00,166.25999450683594,,,,,1225.5999755859375,,,,11542.599609375,,,,
1984-12-11 00:00:00,165.50999450683594,,,,,1204.699951171875,,,,11474.3095703125,,,,
1984-12-04 00:00:00,162.69000244140625,,,,,1204.800048828125,,,,11419.150390625,,,,
1984-11-27 00:00:00,162.25999450683594,,,,,1190.0999755859375,,,,11466.9296875,,,,
1984-11-20 00:00:00,163.5800018310547,,,,,1181.300048828125,,,,11428.900390625,,,,
1984-11-13 00:00:00,166.9199981689453,,,,,1158.800048828125,,,,11207.7001953125,,,,
1984-11-06 00:00:00,164.10000610351562,,,,,1173.5,,,,11271.4501953125,,,,
1984-10-30 00:00:00,167.60000610351562,,,,,1164.199951171875,,,,11239.2802734375,,,,
1984-10-23 00:00:00,167.4199981689453,,,,,1168.5999755859375,,,,11249.9501953125,,,,
1984-10-16 00:00:00,165.2899932861328,,,,,1130.5,,,,11155.01953125,,,,
1984-10-09 00:00:00,167.9600067138672,,,,,1111.300048828125,,,,10845.169921875,,,,
1984-10-02 00:00:00,164.17999267578125,,,,,1143.699951171875,,,,10684.580078125,,,,
1984-09-25 00:00:00,162.67999267578125,,,,,1135.199951171875,,,,10737.580078125,,,,
1984-09-18 00:00:00,166.10000610351562,,,,,1140.300048828125,,,,10649.25,,,,
1984-09-11 00:00:00,165.6699981689453,,,,,1127.0,,,,10505.1103515625,,,,
1984-09-04 00:00:00,168.77999877929688,,,,,1109.5999755859375,,,,10621.5400390625,,,,
1984-08-28 00:00:00,164.3699951171875,,,,,1099.300048828125,,,,10500.7001953125,,,,
1984-08-21 00:00:00,166.67999267578125,,,,,1103.9000244140625,,,,10584.2001953125,,,,
1984-08-14 00:00:00,167.50999450683594,,,,,1087.199951171875,,,,10554.08984375,,,,
1984-08-07 00:00:00,164.13999938964844,,,,,1078.0,,,,10449.48046875,,,,
1984-07-31 00:00:00,165.4199981689453,,,,,1095.699951171875,,,,10375.9296875,,,,
1984-07-24 00:00:00,162.35000610351562,,,,,1065.0,,,,10233.6103515625,,,,
1984-07-17 00:00:00,151.19000244140625,,,,,995.5999755859375,,,,10036.2099609375,,,,
1984-07-10 00:00:00,149.5500030517578,,,,,1009.7999877929688,,,,9945.26953125,,,,
1984-07-03 00:00:00,150.8800048828125,,,,,995.7999877929688,,,,10154.099609375,,,,
1984-06-26 00:00:00,152.24000549316406,,,,,1042.300048828125,,,,10461.91015625,,,,
1984-06-19 00:00:00,153.17999267578125,,,,,1041.4000244140625,,,,10377.9697265625,,,,
1984-06-12 00:00:00,154.4600067138672,,,,,1033.0999755859375,,,,10152.6103515625,,,,
1984-06-05 00:00:00,149.02999877929688,,,,,1040.0999755859375,,,,10057.0498046875,,,,
1984-05-29 00:00:00,155.1699981689453,,,,,1068.5999755859375,,,,10350.9296875,,,,
1984-05-22 00:00:00,153.24000549316406,,,,,1055.800048828125,,,,9913.169921875,,,,
1984-05-15 00:00:00,151.6199951171875,,,,,1055.5,,,,10142.099609375,,,,
1984-05-08 00:00:00,155.77999877929688,,,,,1104.9000244140625,,,,10126.8798828125,,,,
1984-05-01 00:00:00,158.49000549316406,,,,,1078.699951171875,,,,10833.8701171875,,,,
1984-04-24 00:00:00,159.11000061035156,,,,,1134.0,,,,11190.169921875,,,,
1984-04-17 00:00:00,159.88999938964844,,,,,1138.199951171875,,,,10981.6796875,,,,
1984-04-10 00:00:00,158.02000427246094,,,,,1108.4000244140625,,,,10803.8798828125,,,,
1984-04-03 00:00:00,157.30999755859375,,,,,1129.0999755859375,,,,11015.2099609375,,,,
1984-03-27 00:00:00,155.47999572753906,,,,,1096.300048828125,,,,10914.73046875,,,,
1984-03-20 00:00:00,159.17999267578125,,,,,1112.5,,,,10929.169921875,,,,
1984-03-13 00:00:00,156.86000061035156,,,,,1121.300048828125,,,,10506.2900390625,,,,
1984-03-06 00:00:00,159.27000427246094,,,,,1128.5,,,,10458.3095703125,,,,
1984-02-28 00:00:00,154.35000610351562,,,,,1060.0999755859375,,,,9997.2197265625,,,,
1984-02-21 00:00:00,159.24000549316406,,,,,1060.699951171875,,,,9948.48046875,,,,
1984-02-14 00:00:00,157.50999450683594,,,,,1036.9000244140625,,,,9962.8701171875,,,,
1984-02-07 00:00:00,155.74000549316406,,,,,1039.0,,,,9925.0703125,,,,
1984-01-31 00:00:00,156.3000030517578,,,,,1018.0,,,,9959.900390625,,,,
1984-01-24 00:00:00,160.91000366210938,,,,,1059.800048828125,,,,10134.1298828125,,,,
1984-01-17 00:00:00,163.94000244140625,,,,,1075.9000244140625,,,,10180.9501953125,,,,
1984-01-10 00:00:00,166.2100067138672,,,,,1059.0,,,,10104.0703125,,,,
1984-01-03 00:00:00,167.02000427246094,,,,,1042.699951171875,,,,10150.9697265625,,,,
1983-12-27 00:00:00,169.27999877929688,,,,,1029.0,,,,9961.25,,,,
1983-12-20 00:00:00,164.92999267578125,,,,,,,,,9893.8203125,,,,
1983-12-13 00:00:00,163.22000122070312,,,,,,,,,9684.169921875,,,,
1983-12-06 00:00:00,162.38999938964844,,,,,,,,,9530.6103515625,,,,
1983-11-29 00:00:00,165.0800018310547,,,,,,,,,9448.900390625,,,,
1983-11-22 00:00:00,165.44000244140625,,,,,,,,,9379.849609375,,,,
1983-11-15 00:00:00,167.17999267578125,,,,,,,,,9340.849609375,,,,
1983-11-08 00:00:00,165.08999633789062,,,,,,,,,9386.6796875,,,,
1983-11-01 00:00:00,166.2899932861328,,,,,,,,,9305.6298828125,,,,
1983-10-25 00:00:00,162.44000244140625,,,,,,,,,9341.6796875,,,,
1983-10-18 00:00:00,163.3699951171875,,,,,,,,,9321.3701171875,,,,
1983-10-11 00:00:00,165.9499969482422,,,,,,,,,9370.2099609375,,,,
1983-10-04 00:00:00,169.86000061035156,,,,,,,,,9323.6298828125,,,,
1983-09-27 00:00:00,170.8000030517578,,,,,,,,,9562.48046875,,,,
1983-09-20 00:00:00,166.07000732421875,,,,,,,,,9402.58984375,,,,
1983-09-13 00:00:00,169.50999450683594,,,,,,,,,9280.2998046875,,,,
1983-09-06 00:00:00,166.25,,,,,,,,,9195.66015625,,,,
1983-08-30 00:00:00,166.9199981689453,,,,,,,,,9304.009765625,,,,
1983-08-23 00:00:00,165.0,,,,,,,,,9183.1103515625,,,,
1983-08-16 00:00:00,162.13999938964844,,,,,,,,,9145.5400390625,,,,
1983-08-09 00:00:00,163.97999572753906,,,,,,,,,9139.73046875,,,,
1983-08-02 00:00:00,162.16000366210938,,,,,,,,,8920.8203125,,,,
1983-07-26 00:00:00,161.74000549316406,,,,,,,,,8946.66015625,,,,
1983-07-19 00:00:00,162.55999755859375,,,,,,,,,9078.75,,,,
1983-07-12 00:00:00,168.88999938964844,,,,,,,,,8993.400390625,,,,
1983-07-05 00:00:00,164.2899932861328,,,,,,,,,8900.01953125,,,,
1983-06-28 00:00:00,167.0800018310547,,,,,,,,,9012.41015625,,,,
1983-06-21 00:00:00,168.63999938964844,,,,,,,,,8935.66015625,,,,
1983-06-14 00:00:00,170.41000366210938,,,,,,,,,8845.3798828125,,,,
1983-06-07 00:00:00,169.1300048828125,,,,,,,,,8702.6796875,,,,
1983-05-31 00:00:00,162.67999267578125,,,,,,,,,8500.48046875,,,,
1983-05-24 00:00:00,164.4199981689453,,,,,,,,,8510.98046875,,,,
1983-05-17 00:00:00,164.4600067138672,,,,,,,,,8617.919921875,,,,
1983-05-10 00:00:00,162.13999938964844,,,,,,,,,8561.4501953125,,,,
1983-05-03 00:00:00,164.91000366210938,,,,,,,,,8629.509765625,,,,
1983-04-26 00:00:00,166.10000610351562,,,,,,,,,8670.6396484375,,,,
1983-04-19 00:00:00,164.42999267578125,,,,,,,,,8636.5595703125,,,,
1983-04-12 00:00:00,160.4199981689453,,,,,,,,,8563.1201171875,,,,
1983-04-05 00:00:00,158.75,,,,,,,,,8552.16015625,,,,
1983-03-29 00:00:00,152.85000610351562,,,,,,,,,8435.3701171875,,,,
1983-03-22 00:00:00,152.9600067138672,,,,,,,,,8469.0,,,,
1983-03-15 00:00:00,152.6699981689453,,,,,,,,,8302.76953125,,,,
1983-03-08 00:00:00,149.89999389648438,,,,,,,,,8234.900390625,,,,
1983-03-01 00:00:00,151.24000549316406,,,,,,,,,8081.43994140625,,,,
1983-02-22 00:00:00,153.6699981689453,,,,,,,,,8014.7001953125,,,,
1983-02-15 00:00:00,149.74000549316406,,,,,,,,,8056.0400390625,,,,
1983-02-08 00:00:00,148.0,,,,,,,,,8048.31005859375,,,,
1983-02-01 00:00:00,147.64999389648438,,,,,,,,,8017.56005859375,,,,
1983-01-25 00:00:00,146.13999938964844,,,,,,,,,8012.64013671875,,,,
1983-01-18 00:00:00,144.50999450683594,,,,,,,,,8014.60986328125,,,,
1983-01-11 00:00:00,143.85000610351562,,,,,,,,,7989.41015625,,,,
1983-01-04 00:00:00,146.64999389648438,,,,,,,,,8088.52978515625,,,,
1982-12-28 00:00:00,145.17999267578125,,,,,,,,,8169.2900390625,,,,
1982-12-21 00:00:00,140.63999938964844,,,,,,,,,8016.669921875,,,,
1982-12-14 00:00:00,139.72000122070312,,,,,,,,,7904.97998046875,,,,
1982-12-07 00:00:00,137.49000549316406,,,,,,,,,7865.8798828125,,,,
1982-11-30 00:00:00,139.57000732421875,,,,,,,,,7870.85009765625,,,,
1982-11-23 00:00:00,138.69000244140625,,,,,,,,,7991.64990234375,,,,
1982-11-16 00:00:00,134.8800048828125,,,,,,,,,7890.3798828125,,,,
1982-11-09 00:00:00,137.02000427246094,,,,,,,,,7854.919921875,,,,
1982-11-02 00:00:00,139.52999877929688,,,,,,,,,7689.41015625,,,,
1982-10-26 00:00:00,142.16000366210938,,,,,,,,,7528.9599609375,,,,
1982-10-19 00:00:00,133.72000122070312,,,,,,,,,7259.14990234375,,,,
1982-10-12 00:00:00,138.8300018310547,,,,,,,,,7324.0400390625,,,,
1982-10-05 00:00:00,133.57000732421875,,,,,,,,,7373.509765625,,,,
1982-09-28 00:00:00,131.0500030517578,,,,,,,,,7361.56982421875,,,,
1982-09-21 00:00:00,121.97000122070312,,,,,,,,,6849.77978515625,,,,
1982-09-14 00:00:00,123.31999969482422,,,,,,,,,7066.0400390625,,,,
1982-09-07 00:00:00,122.55000305175781,,,,,,,,,7062.509765625,,,,
1982-08-31 00:00:00,120.97000122070312,,,,,,,,,7105.02978515625,,,,
1982-08-24 00:00:00,122.68000030517578,,,,,,,,,7175.58984375,,,,
1982-08-17 00:00:00,117.11000061035156,,,,,,,,,7185.10009765625,,,,
1982-08-10 00:00:00,113.0199966430664,,,,,,,,,6968.4599609375,,,,
1982-08-03 00:00:00,103.8499984741211,,,,,,,,,6927.68994140625,,,,
1982-07-27 00:00:00,103.70999908447266,,,,,,,,,7068.27978515625,,,,
1982-07-20 00:00:00,107.08999633789062,,,,,,,,,7122.080078125,,,,
1982-07-13 00:00:00,111.16999816894531,,,,,,,,,7220.509765625,,,,
1982-07-06 00:00:00,111.06999969482422,,,,,,,,,7175.89013671875,,,,
1982-06-29 00:00:00,108.83000183105469,,,,,,,,,6991.56005859375,,,,
1982-06-22 00:00:00,107.6500015258789,,,,,,,,,7084.8701171875,,,,
1982-06-15 00:00:00,109.13999938964844,,,,,,,,,7202.4501953125,,,,
1982-06-08 00:00:00,107.27999877929688,,,,,,,,,7127.7001953125,,,,
1982-06-01 00:00:00,111.23999786376953,,,,,,,,,7195.4599609375,,,,
1982-05-25 00:00:00,110.08999633789062,,,,,,,,,7300.5400390625,,,,
1982-05-18 00:00:00,111.87999725341797,,,,,,,,,7325.08984375,,,,
1982-05-11 00:00:00,114.88999938964844,,,,,,,,,7497.0498046875,,,,
1982-05-04 00:00:00,118.01000213623047,,,,,,,,,7575.81005859375,,,,
1982-04-27 00:00:00,119.47000122070312,,,,,,,,,7518.77978515625,,,,
1982-04-20 00:00:00,116.44000244140625,,,,,,,,,7390.7099609375,,,,
1982-04-13 00:00:00,118.63999938964844,,,,,,,,,7333.93994140625,,,,
1982-04-06 00:00:00,116.80999755859375,,,,,,,,,7129.68994140625,,,,
1982-03-30 00:00:00,116.22000122070312,,,,,,,,,7209.2099609375,,,,
1982-03-23 00:00:00,115.12000274658203,,,,,,,,,7332.9599609375,,,,
1982-03-16 00:00:00,111.94000244140625,,,,,,,,,7203.81982421875,,,,
1982-03-09 00:00:00,110.61000061035156,,,,,,,,,7065.3798828125,,,,
1982-03-02 00:00:00,108.61000061035156,,,,,,,,,7102.60986328125,,,,
1982-02-23 00:00:00,109.33999633789062,,,,,,,,,7285.5400390625,,,,
1982-02-16 00:00:00,113.11000061035156,,,,,,,,,7548.509765625,,,,
1982-02-09 00:00:00,113.22000122070312,,,,,,,,,7713.31005859375,,,,
1982-02-02 00:00:00,114.37999725341797,,,,,,,,,7690.2900390625,,,,
1982-01-26 00:00:00,117.26000213623047,,,,,,,,,7801.8798828125,,,,
1982-01-19 00:00:00,120.4000015258789,,,,,,,,,7918.81982421875,,,,
1982-01-12 00:00:00,115.37999725341797,,,,,,,,,7823.35986328125,,,,
1982-01-05 00:00:00,116.33000183105469,,,,,,,,,7667.02001953125,,,,
1981-12-29 00:00:00,119.55000305175781,,,,,,,,,7662.22021484375,,,,
1981-12-22 00:00:00,122.55000305175781,,,,,,,,,7681.83984375,,,,
1981-12-15 00:00:00,122.54000091552734,,,,,,,,,7665.02001953125,,,,
1981-12-08 00:00:00,124.0,,,,,,,,,7669.93017578125,,,,
1981-12-01 00:00:00,124.93000030517578,,,,,,,,,7730.8798828125,,,,
1981-11-24 00:00:00,126.26000213623047,,,,,,,,,7716.1298828125,,,,
1981-11-17 00:00:00,125.08999633789062,,,,,,,,,7555.22998046875,,,,
1981-11-10 00:00:00,121.70999908447266,,,,,,,,,7647.43017578125,,,,
1981-11-03 00:00:00,121.66999816894531,,,,,,,,,7569.509765625,,,,
1981-10-27 00:00:00,122.66999816894531,,,,,,,,,7536.52978515625,,,,
1981-10-20 00:00:00,121.88999938964844,,,,,,,,,7449.4599609375,,,,
1981-10-13 00:00:00,118.5999984741211,,,,,,,,,7262.18994140625,,,,
1981-10-06 00:00:00,119.19000244140625,,,,,,,,,7231.419921875,,,,
1981-09-29 00:00:00,121.44999694824219,,,,,,,,,7516.22021484375,,,,
1981-09-22 00:00:00,119.36000061035156,,,,,,,,,7377.1298828125,,,,
1981-09-15 00:00:00,112.7699966430664,,,,,,,,,7363.06005859375,,,,
1981-09-08 00:00:00,116.26000213623047,,,,,,,,,7548.56982421875,,,,
1981-09-01 00:00:00,121.61000061035156,,,,,,,,,7543.4501953125,,,,
1981-08-25 00:00:00,120.06999969482422,,,,,,,,,7662.58984375,,,,
1981-08-18 00:00:00,124.08000183105469,,,,,,,,,7726.58984375,,,,
1981-08-11 00:00:00,129.22999572753906,,,,,,,,,7995.22998046875,,,,
1981-08-04 00:00:00,132.49000549316406,,,,,,,,,7976.39990234375,,,,
1981-07-28 00:00:00,131.75,,,,,,,,,7968.93017578125,,,,
1981-07-21 00:00:00,130.9199981689453,,,,,,,,,7828.259765625,,,,
1981-07-14 00:00:00,128.4600067138672,,,,,,,,,7743.080078125,,,,
1981-07-07 00:00:00,130.75999450683594,,,,,,,,,7876.89013671875,,,,
1981-06-30 00:00:00,129.3699951171875,,,,,,,,,7912.97998046875,,,,
1981-06-23 00:00:00,128.63999938964844,,,,,,,,,7925.33984375,,,,
1981-06-16 00:00:00,132.55999755859375,,,,,,,,,7726.0,,,,
1981-06-09 00:00:00,132.27000427246094,,,,,,,,,7714.56982421875,,,,
1981-06-02 00:00:00,133.49000549316406,,,,,,,,,7634.85986328125,,,,
1981-05-26 00:00:00,132.22000122070312,,,,,,,,,7430.3701171875,,,,
1981-05-19 00:00:00,132.58999633789062,,,,,,,,,7539.68994140625,,,,
1981-05-12 00:00:00,131.3300018310547,,,,,,,,,7541.02001953125,,,,
1981-05-05 00:00:00,132.1699981689453,,,,,,,,,7486.83984375,,,,
1981-04-28 00:00:00,131.66000366210938,,,,,,,,,7495.25,,,,
1981-04-21 00:00:00,132.72000122070312,,,,,,,,,7575.60986328125,,,,
1981-04-14 00:00:00,135.13999938964844,,,,,,,,,7534.41015625,,,,
1981-04-07 00:00:00,134.6999969482422,,,,,,,,,7438.7998046875,,,,
1981-03-31 00:00:00,134.50999450683594,,,,,,,,,7517.31005859375,,,,
1981-03-24 00:00:00,135.49000549316406,,,,,,,,,7421.18994140625,,,,
1981-03-17 00:00:00,134.64999389648438,,,,,,,,,7303.0400390625,,,,
1981-03-10 00:00:00,134.0800018310547,,,,,,,,,7220.93994140625,,,,
1981-03-03 00:00:00,133.11000061035156,,,,,,,,,6956.52001953125,,,,
1981-02-24 00:00:00,129.85000610351562,,,,,,,,,7081.18994140625,,,,
1981-02-17 00:00:00,131.27000427246094,,,,,,,,,7146.52978515625,,,,
1981-02-10 00:00:00,126.58000183105469,,,,,,,,,7100.81005859375,,,,
1981-02-03 00:00:00,126.9800033569336,,,,,,,,,7207.22021484375,,,,
1981-01-27 00:00:00,130.60000610351562,,,,,,,,,7264.10986328125,,,,
1981-01-20 00:00:00,129.5500030517578,,,,,,,,,7254.009765625,,,,
1981-01-13 00:00:00,130.22999572753906,,,,,,,,,7267.52001953125,,,,
1981-01-06 00:00:00,134.77000427246094,,,,,,,,,7255.85009765625,,,,
1980-12-30 00:00:00,133.47999572753906,,,,,,,,,7248.1298828125,,,,
1980-12-23 00:00:00,136.33999633789062,,,,,,,,,7063.1298828125,,,,
1980-12-16 00:00:00,136.57000732421875,,,,,,,,,7063.1298828125,,,,
1980-12-09 00:00:00,133.6999969482422,,,,,,,,,7060.52001953125,,,,
1980-12-02 00:00:00,129.22999572753906,,,,,,,,,7033.7001953125,,,,
1980-11-25 00:00:00,134.02999877929688,,,,,,,,,7136.60009765625,,,,
1980-11-18 00:00:00,140.52000427246094,,,,,,,,,7123.6201171875,,,,
1980-11-11 00:00:00,139.11000061035156,,,,,,,,,7117.89990234375,,,,
1980-11-04 00:00:00,137.14999389648438,,,,,,,,,7159.56005859375,,,,
1980-10-28 00:00:00,129.17999267578125,,,,,,,,,7150.330078125,,,,
1980-10-21 00:00:00,127.47000122070312,,,,,,,,,7150.75,,,,
1980-10-14 00:00:00,129.85000610351562,,,,,,,,,7117.06982421875,,,,
1980-10-07 00:00:00,131.52000427246094,,,,,,,,,7169.259765625,,,,
1980-09-30 00:00:00,130.2899932861328,,,,,,,,,7130.2998046875,,,,
1980-09-23 00:00:00,129.3300018310547,,,,,,,,,7142.240234375,,,,
1980-09-16 00:00:00,126.3499984741211,,,,,,,,,6998.52001953125,,,,
1980-09-09 00:00:00,129.25,,,,,,,,,7041.66015625,,,,
1980-09-02 00:00:00,125.54000091552734,,,,,,,,,7000.0400390625,,,,
1980-08-26 00:00:00,124.87999725341797,,,,,,,,,6943.68994140625,,,,
1980-08-19 00:00:00,122.37999725341797,,,,,,,,,6914.080078125,,,,
1980-08-12 00:00:00,126.0199966430664,,,,,,,,,6886.16015625,,,,
1980-08-05 00:00:00,125.72000122070312,,,,,,,,,6836.81982421875,,,,
1980-07-29 00:00:00,123.61000061035156,,,,,,,,,6771.52001953125,,,,
1980-07-22 00:00:00,121.20999908447266,,,,,,,,,6788.2998046875,,,,
1980-07-15 00:00:00,120.77999877929688,,,,,,,,,6810.490234375,,,,
1980-07-08 00:00:00,122.04000091552734,,,,,,,,,6819.77978515625,,,,
1980-07-01 00:00:00,117.83999633789062,,,,,,,,,6787.9599609375,,,,
1980-06-24 00:00:00,117.45999908447266,,,,,,,,,6846.08984375,,,,
1980-06-17 00:00:00,116.0,,,,,,,,,6825.02978515625,,,,
1980-06-10 00:00:00,114.05999755859375,,,,,,,,,6813.85009765625,,,,
1980-06-03 00:00:00,115.80999755859375,,,,,,,,,6821.81005859375,,,,
1980-05-27 00:00:00,113.19999694824219,,,,,,,,,6814.5,,,,
1980-05-20 00:00:00,111.23999786376953,,,,,,,,,6855.7001953125,,,,
1980-05-13 00:00:00,110.62000274658203,,,,,,,,,6839.89013671875,,,,
1980-05-06 00:00:00,107.3499984741211,,,,,,,,,6733.0,,,,
1980-04-29 00:00:00,104.72000122070312,,,,,,,,,6808.3798828125,,,,
1980-04-22 00:00:00,105.58000183105469,,,,,,,,,6882.64990234375,,,,
1980-04-15 00:00:00,105.16000366210938,,,,,,,,,6904.81005859375,,,,
1980-04-08 00:00:00,100.55000305175781,,,,,,,,,6811.39013671875,,,,
1980-04-01 00:00:00,103.79000091552734,,,,,,,,,6751.9599609375,,,,
1980-03-25 00:00:00,102.1500015258789,,,,,,,,,6688.64013671875,,,,
1980-03-18 00:00:00,100.68000030517578,,,,,,,,,6475.93017578125,,,,
1980-03-11 00:00:00,102.30999755859375,,,,,,,,,6571.77001953125,,,,
1980-03-04 00:00:00,105.43000030517578,,,,,,,,,6593.39990234375,,,,
1980-02-26 00:00:00,106.9000015258789,,,,,,,,,6625.18017578125,,,,
1980-02-19 00:00:00,113.66000366210938,,,,,,,,,6764.89013671875,,,,
1980-02-12 00:00:00,115.04000091552734,,,,,,,,,6783.22021484375,,,,
1980-02-05 00:00:00,115.41000366210938,,,,,,,,,6827.7099609375,,,,
1980-01-29 00:00:00,117.94999694824219,,,,,,,,,6816.02978515625,,,,
1980-01-22 00:00:00,115.12000274658203,,,,,,,,,6777.64013671875,,,,
1980-01-15 00:00:00,113.61000061035156,,,,,,,,,6767.7099609375,,,,
1980-01-08 00:00:00,111.06999969482422,,,,,,,,,6649.2998046875,,,,
1980-01-01 00:00:00,109.91999816894531,,,,,,,,,6615.509765625,,,,
1979-12-25 00:00:00,106.5199966430664,,,,,,,,,6560.16015625,,,,
1979-12-18 00:00:00,107.83999633789062,,,,,,,,,6569.47021484375,,,,
1979-12-11 00:00:00,107.58999633789062,,,,,,,,,6535.93994140625,,,,
1979-12-04 00:00:00,108.91999816894531,,,,,,,,,6509.77001953125,,,,
1979-11-27 00:00:00,107.5199966430664,,,,,,,,,6461.33984375,,,,
1979-11-20 00:00:00,106.16000366210938,,,,,,,,,6450.18994140625,,,,
1979-11-13 00:00:00,104.66999816894531,,,,,,,,,6328.56005859375,,,,
1979-11-06 00:00:00,103.79000091552734,,,,,,,,,6387.10986328125,,,,
1979-10-30 00:00:00,101.51000213623047,,,,,,,,,6403.47021484375,,,,
1979-10-23 00:00:00,102.51000213623047,,,,,,,,,6424.97021484375,,,,
1979-10-16 00:00:00,100.56999969482422,,,,,,,,,6207.89013671875,,,,
1979-10-09 00:00:00,101.5999984741211,,,,,,,,,6416.83984375,,,,
1979-10-02 00:00:00,104.48999786376953,,,,,,,,,6439.75,,,,
1979-09-25 00:00:00,111.2699966430664,,,,,,,,,6568.830078125,,,,
1979-09-18 00:00:00,109.31999969482422,,,,,,,,,6568.60986328125,,,,
1979-09-11 00:00:00,110.47000122070312,,,,,,,,,6490.33984375,,,,
1979-09-04 00:00:00,108.76000213623047,,,,,,,,,6455.0,,,,
1979-08-28 00:00:00,107.66000366210938,,,,,,,,,6410.9599609375,,,,
1979-08-21 00:00:00,109.31999969482422,,,,,,,,,6436.1298828125,,,,
1979-08-14 00:00:00,108.5999984741211,,,,,,,,,6384.490234375,,,,
1979-08-07 00:00:00,108.30000305175781,,,,,,,,,6452.56005859375,,,,
1979-07-31 00:00:00,106.4000015258789,,,,,,,,,6394.990234375,,,,
1979-07-24 00:00:00,104.04000091552734,,,,,,,,,6355.72021484375,,,,
1979-07-17 00:00:00,103.0999984741211,,,,,,,,,6264.66015625,,,,
1979-07-10 00:00:00,101.81999969482422,,,,,,,,,6179.89990234375,,,,
1979-07-03 00:00:00,102.31999969482422,,,,,,,,,6109.2998046875,,,,
1979-06-26 00:00:00,103.62000274658203,,,,,,,,,6280.10986328125,,,,
1979-06-19 00:00:00,102.91000366210938,,,,,,,,,6247.259765625,,,,
1979-06-12 00:00:00,102.63999938964844,,,,,,,,,6247.5400390625,,,,
1979-06-05 00:00:00,102.08999633789062,,,,,,,,,6143.93994140625,,,,
1979-05-29 00:00:00,101.48999786376953,,,,,,,,,6176.56005859375,,,,
1979-05-22 00:00:00,99.16999816894531,,,,,,,,,6176.93017578125,,,,
1979-05-15 00:00:00,100.22000122070312,,,,,,,,,6313.81982421875,,,,
1979-05-08 00:00:00,99.93000030517578,,,,,,,,,6315.47998046875,,,,
1979-05-01 00:00:00,98.5199966430664,,,,,,,,,6274.1201171875,,,,
1979-04-24 00:00:00,100.69000244140625,,,,,,,,,6286.10009765625,,,,
1979-04-17 00:00:00,101.80000305175781,,,,,,,,,6223.14013671875,,,,
1979-04-10 00:00:00,101.2300033569336,,,,,,,,,6102.97021484375,,,,
1979-04-03 00:00:00,102.0,,,,,,,,,6115.669921875,,,,
1979-03-27 00:00:00,103.18000030517578,,,,,,,,,6049.990234375,,,,
1979-03-20 00:00:00,101.58999633789062,,,,,,,,,6133.97021484375,,,,
1979-03-13 00:00:00,101.5999984741211,,,,,,,,,6079.85986328125,,,,
1979-03-06 00:00:00,100.69000244140625,,,,,,,,,6025.75,,,,
1979-02-27 00:00:00,99.54000091552734,,,,,,,,,6042.93994140625,,,,
1979-02-20 00:00:00,96.97000122070312,,,,,,,,,5972.93994140625,,,,
1979-02-13 00:00:00,97.77999877929688,,,,,,,,,6080.93994140625,,,,
1979-02-06 00:00:00,98.66999816894531,,,,,,,,,6128.89990234375,,,,
1979-01-30 00:00:00,97.87000274658203,,,,,,,,,6036.60009765625,,,,
1979-01-23 00:00:00,99.5,,,,,,,,,6187.2998046875,,,,
1979-01-16 00:00:00,101.86000061035156,,,,,,,,,6160.7099609375,,,,
1979-01-09 00:00:00,99.75,,,,,,,,,6106.1298828125,,,,
1979-01-02 00:00:00,99.93000030517578,,,,,,,,,6113.490234375,,,,
1978-12-26 00:00:00,99.12999725341797,,,,,,,,,6072.2900390625,,,,
1978-12-19 00:00:00,96.11000061035156,,,,,,,,,6001.85009765625,,,,
1978-12-12 00:00:00,96.30999755859375,,,,,,,,,5884.2900390625,,,,
1978-12-05 00:00:00,95.33000183105469,,,,,,,,,6030.35986328125,,,,
1978-11-28 00:00:00,96.62999725341797,,,,,,,,,6074.93017578125,,,,
1978-11-21 00:00:00,96.27999877929688,,,,,,,,,6002.740234375,,,,
1978-11-14 00:00:00,95.79000091552734,,,,,,,,,5985.43994140625,,,,
1978-11-07 00:00:00,94.41999816894531,,,,,,,,,5933.89013671875,,,,
1978-10-31 00:00:00,94.7699966430664,,,,,,,,,5968.259765625,,,,
1978-10-24 00:00:00,96.18000030517578,,,,,,,,,5895.8701171875,,,,
1978-10-17 00:00:00,94.58999633789062,,,,,,,,,5887.31982421875,,,,
1978-10-10 00:00:00,97.94999694824219,,,,,,,,,5873.419921875,,,,
1978-10-03 00:00:00,104.66000366210938,,,,,,,,,5727.91015625,,,,
1978-09-26 00:00:00,103.5199966430664,,,,,,,,,5792.5400390625,,,,
1978-09-19 00:00:00,102.54000091552734,,,,,,,,,5772.35986328125,,,,
1978-09-12 00:00:00,101.83999633789062,,,,,,,,,5637.16015625,,,,
1978-09-05 00:00:00,104.12000274658203,,,,,,,,,5660.2998046875,,,,
1978-08-29 00:00:00,106.79000091552734,,,,,,,,,5610.31005859375,,,,
1978-08-22 00:00:00,103.68000030517578,,,,,,,,,5599.580078125,,,,
1978-08-15 00:00:00,104.9000015258789,,,,,,,,,5510.43017578125,,,,
1978-08-08 00:00:00,104.7300033569336,,,,,,,,,5495.56005859375,,,,
1978-08-01 00:00:00,103.95999908447266,,,,,,,,,5502.60009765625,,,,
1978-07-25 00:00:00,103.91999816894531,,,,,,,,,5576.60986328125,,,,
1978-07-18 00:00:00,100.0,,,,,,,,,5578.02001953125,,,,
1978-07-11 00:00:00,97.75,,,,,,,,,5614.25,,,,
1978-07-04 00:00:00,97.58000183105469,,,,,,,,,5629.2001953125,,,,
1978-06-27 00:00:00,94.88999938964844,,,,,,,,,5616.89013671875,,,,
1978-06-20 00:00:00,95.52999877929688,,,,,,,,,5543.14013671875,,,,
1978-06-13 00:00:00,95.8499984741211,,,,,,,,,5481.35986328125,,,,
1978-06-06 00:00:00,97.41999816894531,,,,,,,,,5491.509765625,,,,
1978-05-30 00:00:00,99.93000030517578,,,,,,,,,5500.669921875,,,,
1978-05-23 00:00:00,98.13999938964844,,,,,,,,,5480.5498046875,,,,
1978-05-16 00:00:00,96.58000183105469,,,,,,,,,5439.39990234375,,,,
1978-05-09 00:00:00,98.12000274658203,,,,,,,,,5404.18994140625,,,,
1978-05-02 00:00:00,98.06999969482422,,,,,,,,,5497.97998046875,,,,
1978-04-25 00:00:00,96.52999877929688,,,,,,,,,5541.10009765625,,,,
1978-04-18 00:00:00,96.83000183105469,,,,,,,,,5534.18017578125,,,,
1978-04-11 00:00:00,94.33999633789062,,,,,,,,,5502.2900390625,,,,
1978-04-04 00:00:00,92.91999816894531,,,,,,,,,5503.5498046875,,,,
1978-03-28 00:00:00,90.16999816894531,,,,,,,,,5485.22021484375,,,,
1978-03-21 00:00:00,89.20999908447266,,,,,,,,,5447.759765625,,,,
1978-03-14 00:00:00,89.36000061035156,,,,,,,,,5262.47998046875,,,,
1978-03-07 00:00:00,90.19999694824219,,,,,,,,,5290.669921875,,,,
1978-02-28 00:00:00,88.87999725341797,,,,,,,,,5211.740234375,,,,
1978-02-21 00:00:00,87.44999694824219,,,,,,,,,5237.9599609375,,,,
1978-02-14 00:00:00,88.48999786376953,,,,,,,,,5121.7998046875,,,,
1978-02-07 00:00:00,87.95999908447266,,,,,,,,,5086.2998046875,,,,
1978-01-31 00:00:00,90.08000183105469,,,,,,,,,5144.5400390625,,,,
1978-01-24 00:00:00,89.62000274658203,,,,,,,,,5129.0,,,,
1978-01-17 00:00:00,88.58000183105469,,,,,,,,,5028.41015625,,,,
1978-01-10 00:00:00,89.88999938964844,,,,,,,,,5064.10009765625,,,,
1978-01-03 00:00:00,89.69000244140625,,,,,,,,,5030.97998046875,,,,
1977-12-27 00:00:00,91.62000274658203,,,,,,,,,4974.64990234375,,,,
1977-12-20 00:00:00,95.0999984741211,,,,,,,,,4863.009765625,,,,
1977-12-13 00:00:00,94.69000244140625,,,,,,,,,4896.56005859375,,,,
1977-12-06 00:00:00,93.4000015258789,,,,,,,,,4797.0400390625,,,,
1977-11-29 00:00:00,93.6500015258789,,,,,,,,,4843.330078125,,,,
1977-11-22 00:00:00,94.66999816894531,,,,,,,,,4913.1201171875,,,,
1977-11-15 00:00:00,96.69000244140625,,,,,,,,,4597.259765625,,,,
1977-11-08 00:00:00,95.33000183105469,,,,,,,,,4836.52001953125,,,,
1977-11-01 00:00:00,95.9800033569336,,,,,,,,,4941.2099609375,,,,
1977-10-25 00:00:00,91.58000183105469,,,,,,,,,5024.81982421875,,,,
1977-10-18 00:00:00,92.61000061035156,,,,,,,,,5120.52001953125,,,,
1977-10-11 00:00:00,92.31999969482422,,,,,,,,,5150.0498046875,,,,
1977-10-04 00:00:00,93.55999755859375,,,,,,,,,5152.85986328125,,,,
1977-09-27 00:00:00,95.97000122070312,,,,,,,,,5237.43017578125,,,,
1977-09-20 00:00:00,96.52999877929688,,,,,,,,,5264.740234375,,,,
1977-09-13 00:00:00,95.04000091552734,,,,,,,,,5188.490234375,,,,
1977-09-06 00:00:00,96.4800033569336,,,,,,,,,5206.169921875,,,,
1977-08-30 00:00:00,96.37000274658203,,,,,,,,,5251.330078125,,,,
1977-08-23 00:00:00,97.44999694824219,,,,,,,,,5238.60009765625,,,,
1977-08-16 00:00:00,96.05999755859375,,,,,,,,,5180.35986328125,,,,
1977-08-09 00:00:00,97.51000213623047,,,,,,,,,5220.259765625,,,,
1977-08-02 00:00:00,97.87999725341797,,,,,,,,,5133.990234375,,,,
1977-07-26 00:00:00,98.76000213623047,,,,,,,,,5061.33984375,,,,
1977-07-19 00:00:00,98.8499984741211,,,,,,,,,4849.35009765625,,,,
1977-07-12 00:00:00,101.66999816894531,,,,,,,,,4970.580078125,,,,
1977-07-05 00:00:00,100.18000030517578,,,,,,,,,5028.77978515625,,,,
1977-06-28 00:00:00,99.79000091552734,,,,,,,,,4985.4599609375,,,,
1977-06-21 00:00:00,100.0999984741211,,,,,,,,,4969.14990234375,,,,
1977-06-14 00:00:00,101.19000244140625,,,,,,,,,4950.5498046875,,,,
1977-06-07 00:00:00,99.97000122070312,,,,,,,,,4970.18994140625,,,,
1977-05-31 00:00:00,98.45999908447266,,,,,,,,,4955.2998046875,,,,
1977-05-24 00:00:00,97.69000244140625,,,,,,,,,4992.16015625,,,,
1977-05-17 00:00:00,96.2699966430664,,,,,,,,,4989.27001953125,,,,
1977-05-10 00:00:00,99.44999694824219,,,,,,,,,5024.3798828125,,,,
1977-05-03 00:00:00,99.02999877929688,,,,,,,,,5048.990234375,,,,
1977-04-26 00:00:00,99.48999786376953,,,,,,,,,5141.85986328125,,,,
1977-04-19 00:00:00,98.44000244140625,,,,,,,,,5091.9599609375,,,,
1977-04-12 00:00:00,98.44000244140625,,,,,,,,,5157.06982421875,,,,
1977-04-05 00:00:00,101.04000091552734,,,,,,,,,5021.1298828125,,,,
1977-03-29 00:00:00,98.3499984741211,,,,,,,,,4870.240234375,,,,
1977-03-22 00:00:00,99.20999908447266,,,,,,,,,5008.3798828125,,,,
1977-03-15 00:00:00,99.05999755859375,,,,,,,,,4961.7998046875,,,,
1977-03-08 00:00:00,101.86000061035156,,,,,,,,,4988.85009765625,,,,
1977-03-01 00:00:00,100.6500015258789,,,,,,,,,5111.52001953125,,,,
1977-02-22 00:00:00,101.19999694824219,,,,,,,,,5056.89013671875,,,,
1977-02-15 00:00:00,99.4800033569336,,,,,,,,,5041.7099609375,,,,
1977-02-08 00:00:00,100.48999786376953,,,,,,,,,5037.93017578125,,,,
1977-02-01 00:00:00,100.22000122070312,,,,,,,,,5053.919921875,,,,
1977-01-25 00:00:00,101.87999725341797,,,,,,,,,5065.27978515625,,,,
1977-01-18 00:00:00,101.93000030517578,,,,,,,,,5041.009765625,,,,
1977-01-11 00:00:00,103.31999969482422,,,,,,,,,5011.93017578125,,,,
1977-01-04 00:00:00,104.01000213623047,,,,,,,,,4994.81982421875,,,,
1976-12-28 00:00:00,105.01000213623047,,,,,,,,,4960.22021484375,,,,
1976-12-21 00:00:00,107.45999908447266,,,,,,,,,4990.85009765625,,,,
1976-12-14 00:00:00,104.83999633789062,,,,,,,,,4900.18994140625,,,,
1976-12-07 00:00:00,104.26000213623047,,,,,,,,,4793.85009765625,,,,
1976-11-30 00:00:00,104.69999694824219,,,,,,,,,4765.2998046875,,,,
1976-11-23 00:00:00,102.76000213623047,,,,,,,,,4542.919921875,,,,
1976-11-16 00:00:00,103.1500015258789,,,,,,,,,4571.27978515625,,,,
1976-11-09 00:00:00,101.91999816894531,,,,,,,,,4451.6201171875,,,,
1976-11-02 00:00:00,99.23999786376953,,,,,,,,,4565.39013671875,,,,
1976-10-26 00:00:00,100.81999969482422,,,,,,,,,4522.14990234375,,,,
1976-10-19 00:00:00,102.9000015258789,,,,,,,,,4646.27001953125,,,,
1976-10-12 00:00:00,99.95999908447266,,,,,,,,,4618.81005859375,,,,
1976-10-05 00:00:00,100.87999725341797,,,,,,,,,4703.3701171875,,,,
1976-09-28 00:00:00,102.55999755859375,,,,,,,,,4778.77978515625,,,,
1976-09-21 00:00:00,104.16999816894531,,,,,,,,,4815.5400390625,,,,
1976-09-14 00:00:00,106.80000305175781,,,,,,,,,4730.66015625,,,,
1976-09-07 00:00:00,106.2699966430664,,,,,,,,,4722.89013671875,,,,
1976-08-31 00:00:00,104.6500015258789,,,,,,,,,4707.7001953125,,,,
1976-08-24 00:00:00,104.30000305175781,,,,,,,,,4764.83984375,,,,
1976-08-17 00:00:00,101.4800033569336,,,,,,,,,4689.60986328125,,,,
1976-08-10 00:00:00,102.37000274658203,,,,,,,,,4716.8701171875,,,,
1976-08-03 00:00:00,104.25,,,,,,,,,4736.93017578125,,,,
1976-07-27 00:00:00,103.79000091552734,,,,,,,,,4717.8701171875,,,,
1976-07-20 00:00:00,103.44000244140625,,,,,,,,,4641.830078125,,,,
1976-07-13 00:00:00,104.05999755859375,,,,,,,,,4721.47998046875,,,,
1976-07-06 00:00:00,104.68000030517578,,,,,,,,,4708.47998046875,,,,
1976-06-29 00:00:00,104.9800033569336,,,,,,,,,4839.0,,,,
1976-06-22 00:00:00,104.11000061035156,,,,,,,,,4853.68017578125,,,,
1976-06-15 00:00:00,103.72000122070312,,,,,,,,,4725.4501953125,,,,
1976-06-08 00:00:00,103.76000213623047,,,,,,,,,4696.2998046875,,,,
1976-06-01 00:00:00,100.91999816894531,,,,,,,,,4688.52001953125,,,,
1976-05-25 00:00:00,99.1500015258789,,,,,,,,,4717.33984375,,,,
1976-05-18 00:00:00,100.18000030517578,,,,,,,,,4608.9501953125,,,,
1976-05-11 00:00:00,101.26000213623047,,,,,,,,,4581.7001953125,,,,
1976-05-04 00:00:00,101.33999633789062,,,,,,,,,4633.18994140625,,,,
1976-04-27 00:00:00,101.87999725341797,,,,,,,,,4614.830078125,,,,
1976-04-20 00:00:00,101.63999938964844,,,,,,,,,4656.9599609375,,,,
1976-04-13 00:00:00,102.29000091552734,,,,,,,,,4573.31005859375,,,,
1976-04-06 00:00:00,100.66999816894531,,,,,,,,,4475.10009765625,,,,
1976-03-30 00:00:00,100.3499984741211,,,,,,,,,4464.25,,,,
1976-03-23 00:00:00,102.25,,,,,,,,,4574.35986328125,,,,
1976-03-16 00:00:00,102.8499984741211,,,,,,,,,4670.77978515625,,,,
1976-03-09 00:00:00,100.58000183105469,,,,,,,,,4610.68994140625,,,,
1976-03-02 00:00:00,100.86000061035156,,,,,,,,,4598.7900390625,,,,
1976-02-24 00:00:00,99.11000061035156,,,,,,,,,4612.58984375,,,,
1976-02-17 00:00:00,99.70999908447266,,,,,,,,,4628.759765625,,,,
1976-02-10 00:00:00,102.0999984741211,,,,,,,,,4489.22998046875,,,,
1976-02-03 00:00:00,99.66999816894531,,,,,,,,,4568.1298828125,,,,
1976-01-27 00:00:00,99.45999908447266,,,,,,,,,4587.77001953125,,,,
1976-01-20 00:00:00,100.86000061035156,,,,,,,,,4656.85986328125,,,,
1976-01-13 00:00:00,99.20999908447266,,,,,,,,,4582.58984375,,,,
1976-01-06 00:00:00,97.0,,,,,,,,,4629.56005859375,,,,
1975-12-30 00:00:00,94.94999694824219,,,,,,,,,4484.0498046875,,,,
1975-12-23 00:00:00,90.9000015258789,,,,,,,,,4342.06005859375,,,,
1975-12-16 00:00:00,90.25,,,,,,,,,4342.06005859375,,,,
1975-12-09 00:00:00,88.80000305175781,,,,,,,,,4220.25,,,,
1975-12-02 00:00:00,87.83000183105469,,,,,,,,,4230.2099609375,,,,
1975-11-25 00:00:00,86.81999969482422,,,,,,,,,4310.0,,,,
1975-11-18 00:00:00,91.23999786376953,,,,,,,,,4329.77001953125,,,,
1975-11-11 00:00:00,89.52999877929688,,,,,,,,,4287.93017578125,,,,
1975-11-04 00:00:00,90.97000122070312,,,,,,,,,4313.77001953125,,,,
1975-10-28 00:00:00,89.33000183105469,,,,,,,,,4322.85009765625,,,,
1975-10-21 00:00:00,89.04000091552734,,,,,,,,,4352.0498046875,,,,
1975-10-14 00:00:00,89.83000183105469,,,,,,,,,4311.1201171875,,,,
1975-10-07 00:00:00,88.86000061035156,,,,,,,,,4257.85986328125,,,,
1975-09-30 00:00:00,88.20999908447266,,,,,,,,,4201.6201171875,,,,
1975-09-23 00:00:00,85.94999694824219,,,,,,,,,3981.530029296875,,,,
1975-09-16 00:00:00,86.19000244140625,,,,,,,,,3895.050048828125,,,,
1975-09-09 00:00:00,85.87999725341797,,,,,,,,,3973.7099609375,,,,
1975-09-02 00:00:00,83.30000305175781,,,,,,,,,4027.830078125,,,,
1975-08-26 00:00:00,85.62000274658203,,,,,,,,,3887.889892578125,,,,
1975-08-19 00:00:00,86.87999725341797,,,,,,,,,4060.570068359375,,,,
1975-08-12 00:00:00,84.27999877929688,,,,,,,,,4134.990234375,,,,
1975-08-05 00:00:00,86.36000061035156,,,,,,,,,4229.669921875,,,,
1975-07-29 00:00:00,86.0199966430664,,,,,,,,,4244.81005859375,,,,
1975-07-22 00:00:00,87.98999786376953,,,,,,,,,4292.5498046875,,,,
1975-07-15 00:00:00,89.29000091552734,,,,,,,,,4322.93994140625,,,,
1975-07-08 00:00:00,93.19999694824219,,,,,,,,,4377.3701171875,,,,
1975-07-01 00:00:00,94.66000366210938,,,,,,,,,4427.31982421875,,,,
1975-06-24 00:00:00,94.36000061035156,,,,,,,,,4445.72021484375,,,,
1975-06-17 00:00:00,94.80999755859375,,,,,,,,,4498.10986328125,,,,
1975-06-10 00:00:00,92.61000061035156,,,,,,,,,4488.5498046875,,,,
1975-06-03 00:00:00,90.5199966430664,,,,,,,,,4468.81982421875,,,,
1975-05-27 00:00:00,92.4800033569336,,,,,,,,,4534.66015625,,,,
1975-05-20 00:00:00,91.1500015258789,,,,,,,,,4407.72998046875,,,,
1975-05-13 00:00:00,90.58000183105469,,,,,,,,,4473.64990234375,,,,
1975-05-06 00:00:00,90.43000030517578,,,,,,,,,4544.97998046875,,,,
1975-04-29 00:00:00,90.52999877929688,,,,,,,,,4534.8701171875,,,,
1975-04-22 00:00:00,89.22000122070312,,,,,,,,,4548.0400390625,,,,
1975-04-15 00:00:00,86.62000274658203,,,,,,,,,4391.990234375,,,,
1975-04-08 00:00:00,86.30000305175781,,,,,,,,,4421.43994140625,,,,
1975-04-01 00:00:00,84.18000030517578,,,,,,,,,4461.16015625,,,,
1975-03-25 00:00:00,80.87999725341797,,,,,,,,,4442.91015625,,,,
1975-03-18 00:00:00,83.8499984741211,,,,,,,,,4392.6201171875,,,,
1975-03-11 00:00:00,83.38999938964844,,,,,,,,,4246.97998046875,,,,
1975-03-04 00:00:00,84.76000213623047,,,,,,,,,4260.56005859375,,,,
1975-02-25 00:00:00,84.30000305175781,,,,,,,,,4281.0400390625,,,,
1975-02-18 00:00:00,81.58999633789062,,,,,,,,,4273.39013671875,,,,
1975-02-11 00:00:00,82.62000274658203,,,,,,,,,4105.0498046875,,,,
1975-02-04 00:00:00,81.5,,,,,,,,,4107.6298828125,,,,
1975-01-28 00:00:00,78.62999725341797,,,,,,,,,4036.409912109375,,,,
1975-01-21 00:00:00,76.9800033569336,,,,,,,,,3957.530029296875,,,,
1975-01-14 00:00:00,72.9800033569336,,,,,,,,,3747.010009765625,,,,
1975-01-07 00:00:00,70.95999908447266,,,,,,,,,3829.3701171875,,,,
1974-12-31 00:00:00,72.61000061035156,,,,,,,,,3652.530029296875,,,,
1974-12-24 00:00:00,70.70999908447266,,,,,,,,,3836.929931640625,,,,
1974-12-17 00:00:00,67.13999938964844,,,,,,,,,3836.929931640625,,,,
1974-12-10 00:00:00,66.91000366210938,,,,,,,,,3886.5400390625,,,,
1974-12-03 00:00:00,67.06999969482422,,,,,,,,,3886.179931640625,,,,
1974-11-26 00:00:00,65.01000213623047,,,,,,,,,3850.169921875,,,,
1974-11-19 00:00:00,69.97000122070312,,,,,,,,,3927.489990234375,,,,
1974-11-12 00:00:00,68.9000015258789,,,,,,,,,3759.860107421875,,,,
1974-11-05 00:00:00,71.91000366210938,,,,,,,,,3765.780029296875,,,,
1974-10-29 00:00:00,74.91000366210938,,,,,,,,,3648.820068359375,,,,
1974-10-22 00:00:00,73.87999725341797,,,,,,,,,3547.580078125,,,,
1974-10-15 00:00:00,70.12000274658203,,,,,,,,,3580.330078125,,,,
1974-10-08 00:00:00,72.27999877929688,,,,,,,,,3748.719970703125,,,,
1974-10-01 00:00:00,71.13999938964844,,,,,,,,,3513.22998046875,,,,
1974-09-24 00:00:00,62.34000015258789,,,,,,,,,3668.18994140625,,,,
1974-09-17 00:00:00,64.94000244140625,,,,,,,,,3961.39990234375,,,,
1974-09-10 00:00:00,70.13999938964844,,,,,,,,,4048.469970703125,,,,
1974-09-03 00:00:00,65.19999694824219,,,,,,,,,4035.5,,,,
1974-08-27 00:00:00,71.41999816894531,,,,,,,,,4080.81005859375,,,,
1974-08-20 00:00:00,72.1500015258789,,,,,,,,,4069.679931640625,,,,
1974-08-13 00:00:00,71.55000305175781,,,,,,,,,4100.6298828125,,,,
1974-08-06 00:00:00,75.66999816894531,,,,,,,,,4250.52001953125,,,,
1974-07-30 00:00:00,80.86000061035156,,,,,,,,,4285.1298828125,,,,
1974-07-23 00:00:00,78.58999633789062,,,,,,,,,4396.10009765625,,,,
1974-07-16 00:00:00,82.4000015258789,,,,,,,,,4545.02978515625,,,,
1974-07-09 00:00:00,83.54000091552734,,,,,,,,,4516.7900390625,,,,
1974-07-02 00:00:00,83.1500015258789,,,,,,,,,4527.6298828125,,,,
1974-06-25 00:00:00,83.66000366210938,,,,,,,,,4626.7001953125,,,,
1974-06-18 00:00:00,86.0,,,,,,,,,4602.8701171875,,,,
1974-06-11 00:00:00,87.45999908447266,,,,,,,,,4666.740234375,,,,
1974-06-04 00:00:00,91.30000305175781,,,,,,,,,4685.1201171875,,,,
1974-05-28 00:00:00,92.55000305175781,,,,,,,,,4729.16015625,,,,
1974-05-21 00:00:00,87.27999877929688,,,,,,,,,4750.43994140625,,,,
1974-05-14 00:00:00,88.58000183105469,,,,,,,,,4709.60986328125,,,,
1974-05-07 00:00:00,88.20999908447266,,,,,,,,,4703.91015625,,,,
1974-04-30 00:00:00,91.47000122070312,,,,,,,,,4693.5400390625,,,,
1974-04-23 00:00:00,91.29000091552734,,,,,,,,,4684.68017578125,,,,
1974-04-16 00:00:00,90.18000030517578,,,,,,,,,4576.43994140625,,,,
1974-04-09 00:00:00,93.75,,,,,,,,,4613.58984375,,,,
1974-04-02 00:00:00,92.12000274658203,,,,,,,,,4539.18994140625,,,,
1974-03-26 00:00:00,93.01000213623047,,,,,,,,,4424.14013671875,,,,
1974-03-19 00:00:00,93.9800033569336,,,,,,,,,4466.14013671875,,,,
1974-03-12 00:00:00,97.2699966430664,,,,,,,,,4403.14990234375,,,,
1974-03-05 00:00:00,99.27999877929688,,,,,,,,,4465.58984375,,,,
1974-02-26 00:00:00,97.77999877929688,,,,,,,,,4527.0400390625,,,,
1974-02-19 00:00:00,95.52999877929688,,,,,,,,,4538.68994140625,,,,
1974-02-12 00:00:00,95.38999938964844,,,,,,,,,4460.47021484375,,,,
1974-02-05 00:00:00,92.2699966430664,,,,,,,,,4552.22021484375,,,,
1974-01-29 00:00:00,92.33000183105469,,,,,,,,,4576.60009765625,,,,
1974-01-22 00:00:00,95.31999969482422,,,,,,,,,4489.93994140625,,,,
1974-01-15 00:00:00,96.62999725341797,,,,,,,,,4473.990234375,,,,
1974-01-08 00:00:00,95.55999755859375,,,,,,,,,4369.669921875,,,,
1974-01-01 00:00:00,93.66000366210938,,,,,,,,,4171.10986328125,,,,
1973-12-25 00:00:00,98.9000015258789,,,,,,,,,4259.2001953125,,,,
1973-12-18 00:00:00,97.54000091552734,,,,,,,,,4306.7998046875,,,,
1973-12-11 00:00:00,93.54000091552734,,,,,,,,,4157.080078125,,,,
1973-12-04 00:00:00,93.29000091552734,,,,,,,,,4037.919921875,,,,
1973-11-27 00:00:00,96.51000213623047,,,,,,,,,4283.56005859375,,,,
1973-11-20 00:00:00,95.95999908447266,,,,,,,,,4641.83984375,,,,
1973-11-13 00:00:00,99.44000244140625,,,,,,,,,4293.5,,,,
1973-11-06 00:00:00,103.87999725341797,,,,,,,,,4388.10009765625,,,,
1973-10-30 00:00:00,105.30000305175781,,,,,,,,,4649.0,,,,
1973-10-23 00:00:00,107.06999969482422,,,,,,,,,4665.97998046875,,,,
1973-10-16 00:00:00,111.37999725341797,,,,,,,,,4628.580078125,,,,
1973-10-09 00:00:00,110.22000122070312,,,,,,,,,4552.22021484375,,,,
1973-10-02 00:00:00,111.44000244140625,,,,,,,,,4452.60009765625,,,,
1973-09-25 00:00:00,109.8499984741211,,,,,,,,,4562.1298828125,,,,
1973-09-18 00:00:00,108.43000030517578,,,,,,,,,4617.330078125,,,,
1973-09-11 00:00:00,107.19999694824219,,,,,,,,,4393.419921875,,,,
1973-09-04 00:00:00,104.44000244140625,,,,,,,,,4644.1201171875,,,,
1973-08-28 00:00:00,104.76000213623047,,,,,,,,,4671.64013671875,,,,
1973-08-21 00:00:00,104.25,,,,,,,,,4882.08984375,,,,
1973-08-14 00:00:00,101.62000274658203,,,,,,,,,4828.06982421875,,,,
1973-08-07 00:00:00,102.30999755859375,,,,,,,,,4834.4501953125,,,,
1973-07-31 00:00:00,104.7699966430664,,,,,,,,,4926.080078125,,,,
1973-07-24 00:00:00,106.48999786376953,,,,,,,,,4983.9599609375,,,,
1973-07-17 00:00:00,109.58999633789062,,,,,,,,,5123.25,,,,
1973-07-10 00:00:00,107.13999938964844,,,,,,,,,4989.7900390625,,,,
1973-07-03 00:00:00,104.08999633789062,,,,,,,,,4943.5,,,,
1973-06-26 00:00:00,101.27999877929688,,,,,,,,,4754.2001953125,,,,
1973-06-19 00:00:00,104.26000213623047,,,,,,,,,4675.1201171875,,,,
1973-06-12 00:00:00,103.69999694824219,,,,,,,,,4668.85986328125,,,,
1973-06-05 00:00:00,105.0999984741211,,,,,,,,,4581.9501953125,,,,
1973-05-29 00:00:00,107.02999877929688,,,,,,,,,4625.7900390625,,,,
1973-05-22 00:00:00,103.93000030517578,,,,,,,,,4546.740234375,,,,
1973-05-15 00:00:00,107.94000244140625,,,,,,,,,4627.41015625,,,,
1973-05-08 00:00:00,103.86000061035156,,,,,,,,,4774.9501953125,,,,
1973-05-01 00:00:00,108.16999816894531,,,,,,,,,4694.18994140625,,,,
1973-04-24 00:00:00,111.0,,,,,,,,,4601.89013671875,,,,
1973-04-17 00:00:00,107.2300033569336,,,,,,,,,4570.330078125,,,,
1973-04-10 00:00:00,112.16999816894531,,,,,,,,,4654.85009765625,,,,
1973-04-03 00:00:00,112.08000183105469,,,,,,,,,4735.58984375,,,,
1973-03-27 00:00:00,109.27999877929688,,,,,,,,,5023.10009765625,,,,
1973-03-20 00:00:00,111.5199966430664,,,,,,,,,5233.7900390625,,,,
1973-03-13 00:00:00,108.87999725341797,,,,,,,,,5060.18017578125,,,,
1973-03-06 00:00:00,113.54000091552734,,,,,,,,,5095.2998046875,,,,
1973-02-27 00:00:00,113.79000091552734,,,,,,,,,4987.43017578125,,,,
1973-02-20 00:00:00,112.27999877929688,,,,,,,,,5024.10009765625,,,,
1973-02-13 00:00:00,113.16000366210938,,,,,,,,,5215.02978515625,,,,
1973-02-06 00:00:00,114.9800033569336,,,,,,,,,5187.2998046875,,,,
1973-01-30 00:00:00,114.68000030517578,,,,,,,,,4843.5400390625,,,,
1973-01-23 00:00:00,114.3499984741211,,,,,,,,,4820.52001953125,,,,
1973-01-16 00:00:00,116.44999694824219,,,,,,,,,5256.81982421875,,,,
1973-01-09 00:00:00,118.77999877929688,,,,,,,,,5230.8701171875,,,,
1973-01-02 00:00:00,119.30000305175781,,,,,,,,,5251.669921875,,,,
1972-12-26 00:00:00,119.87000274658203,,,,,,,,,5253.18017578125,,,,
1972-12-19 00:00:00,118.05000305175781,,,,,,,,,5207.93994140625,,,,
1972-12-12 00:00:00,115.83000183105469,,,,,,,,,5025.5400390625,,,,
1972-12-05 00:00:00,118.26000213623047,,,,,,,,,4909.240234375,,,,
1972-11-28 00:00:00,118.86000061035156,,,,,,,,,4862.39990234375,,,,
1972-11-21 00:00:00,117.37999725341797,,,,,,,,,4781.47998046875,,,,
1972-11-14 00:00:00,117.2699966430664,,,,,,,,,4731.39990234375,,,,
1972-11-07 00:00:00,115.48999786376953,,,,,,,,,4585.91015625,,,,
1972-10-31 00:00:00,113.7300033569336,,,,,,,,,4540.10009765625,,,,
1972-10-24 00:00:00,114.22000122070312,,,,,,,,,4547.919921875,,,,
1972-10-17 00:00:00,110.62000274658203,,,,,,,,,4455.06005859375,,,,
1972-10-10 00:00:00,109.23999786376953,,,,,,,,,4324.7998046875,,,,
1972-10-03 00:00:00,107.91999816894531,,,,,,,,,4472.72998046875,,,,
1972-09-26 00:00:00,109.62000274658203,,,,,,,,,4355.27978515625,,,,
1972-09-19 00:00:00,110.55000305175781,,,,,,,,,4320.6298828125,,,,
1972-09-12 00:00:00,108.5199966430664,,,,,,,,,4231.2099609375,,,,
1972-09-05 00:00:00,108.80999755859375,,,,,,,,,4174.7998046875,,,,
1972-08-29 00:00:00,110.1500015258789,,,,,,,,,4181.89013671875,,,,
1972-08-22 00:00:00,111.51000213623047,,,,,,,,,4090.389892578125,,,,
1972-08-15 00:00:00,110.66999816894531,,,,,,,,,4010.4599609375,,,,
1972-08-08 00:00:00,111.76000213623047,,,,,,,,,4014.35009765625,,,,
1972-08-01 00:00:00,111.94999694824219,,,,,,,,,3929.800048828125,,,,
1972-07-25 00:00:00,110.43000030517578,,,,,,,,,3954.389892578125,,,,
1972-07-18 00:00:00,107.37999725341797,,,,,,,,,3913.81005859375,,,,
1972-07-11 00:00:00,106.66000366210938,,,,,,,,,3807.14990234375,,,,
1972-07-04 00:00:00,106.80000305175781,,,,,,,,,3727.5,,,,
1972-06-27 00:00:00,108.69000244140625,,,,,,,,,3695.31005859375,,,,
1972-06-20 00:00:00,107.13999938964844,,,,,,,,,3710.699951171875,,,,
1972-06-13 00:00:00,108.2699966430664,,,,,,,,,3663.159912109375,,,,
1972-06-06 00:00:00,108.36000061035156,,,,,,,,,3680.780029296875,,,,
1972-05-30 00:00:00,106.86000061035156,,,,,,,,,3615.800048828125,,,,
1972-05-23 00:00:00,109.7300033569336,,,,,,,,,3667.169921875,,,,
1972-05-16 00:00:00,110.66000366210938,,,,,,,,,3535.8798828125,,,,
1972-05-09 00:00:00,108.9800033569336,,,,,,,,,3420.56005859375,,,,
1972-05-02 00:00:00,106.37999725341797,,,,,,,,,3408.090087890625,,,,
1972-04-25 00:00:00,106.62999725341797,,,,,,,,,3359.409912109375,,,,
1972-04-18 00:00:00,107.66999816894531,,,,,,,,,3187.6201171875,,,,
1972-04-11 00:00:00,108.88999938964844,,,,,,,,,3187.6201171875,,,,
1972-04-04 00:00:00,109.83999633789062,,,,,,,,,3187.6201171875,,,,
1972-03-28 00:00:00,109.62000274658203,,,,,,,,,3187.6201171875,,,,
1972-03-21 00:00:00,107.19999694824219,,,,,,,,,3187.6201171875,,,,
1972-03-14 00:00:00,107.5199966430664,,,,,,,,,3073.22998046875,,,,
1972-03-07 00:00:00,107.91999816894531,,,,,,,,,3022.929931640625,,,,
1972-02-29 00:00:00,108.37999725341797,,,,,,,,,3027.419921875,,,,
1972-02-22 00:00:00,107.94000244140625,,,,,,,,,3015.139892578125,,,,
1972-02-15 00:00:00,106.18000030517578,,,,,,,,,2995.550048828125,,,,
1972-02-08 00:00:00,105.27999877929688,,,,,,,,,2932.219970703125,,,,
1972-02-01 00:00:00,105.08000183105469,,,,,,,,,2871.780029296875,,,,
1972-01-25 00:00:00,104.86000061035156,,,,,,,,,2857.2900390625,,,,
1972-01-18 00:00:00,104.16000366210938,,,,,,,,,2862.39990234375,,,,
1972-01-11 00:00:00,103.6500015258789,,,,,,,,,2822.5400390625,,,,
1972-01-04 00:00:00,103.38999938964844,,,,,,,,,2823.530029296875,,,,
1971-12-28 00:00:00,103.47000122070312,,,,,,,,,2762.489990234375,,,,
1971-12-21 00:00:00,102.08999633789062,,,,,,,,,2713.739990234375,,,,
1971-12-14 00:00:00,100.73999786376953,,,,,,,,,2658.7099609375,,,,
1971-12-07 00:00:00,100.26000213623047,,,,,,,,,2480.25,,,,
1971-11-30 00:00:00,97.69000244140625,,,,,,,,,2482.469970703125,,,,
1971-11-23 00:00:00,97.05999755859375,,,,,,,,,2441.580078125,,,,
1971-11-16 00:00:00,91.94000244140625,,,,,,,,,2413.75,,,,
1971-11-09 00:00:00,91.61000061035156,,,,,,,,,2378.7900390625,,,,
1971-11-02 00:00:00,92.12000274658203,,,,,,,,,2307.820068359375,,,,
1971-10-26 00:00:00,94.45999908447266,,,,,,,,,2234.110107421875,,,,
1971-10-19 00:00:00,94.2300033569336,,,,,,,,,2278.4599609375,,,,
1971-10-12 00:00:00,95.56999969482422,,,,,,,,,2259.52001953125,,,,
1971-10-05 00:00:00,97.79000091552734,,,,,,,,,2254.93994140625,,,,
1971-09-28 00:00:00,99.36000061035156,,,,,,,,,2372.47998046875,,,,
1971-09-21 00:00:00,98.93000030517578,,,,,,,,,2429.31005859375,,,,
1971-09-14 00:00:00,98.1500015258789,,,,,,,,,2363.969970703125,,,,
1971-09-07 00:00:00,99.95999908447266,,,,,,,,,2352.31005859375,,,,
1971-08-31 00:00:00,100.41999816894531,,,,,,,,,2321.7900390625,,,,
1971-08-24 00:00:00,100.69000244140625,,,,,,,,,2346.77001953125,,,,
1971-08-17 00:00:00,100.4800033569336,,,,,,,,,2267.18994140625,,,,
1971-08-10 00:00:00,98.33000183105469,,,,,,,,,2283.8798828125,,,,
1971-08-03 00:00:00,95.69000244140625,,,,,,,,,2727.800048828125,,,,
1971-07-27 00:00:00,94.25,,,,,,,,,2648.530029296875,,,,
1971-07-20 00:00:00,95.58000183105469,,,,,,,,,2661.590087890625,,,,
1971-07-13 00:00:00,98.94000244140625,,,,,,,,,2671.3701171875,,,,
1971-07-06 00:00:00,99.11000061035156,,,,,,,,,2670.8798828125,,,,
1971-06-29 00:00:00,100.69000244140625,,,,,,,,,2659.570068359375,,,,
1971-06-22 00:00:00,99.77999877929688,,,,,,,,,2647.199951171875,,,,
1971-06-15 00:00:00,97.98999786376953,,,,,,,,,2600.320068359375,,,,
1971-06-08 00:00:00,98.97000122070312,,,,,,,,,2584.489990234375,,,,
1971-06-01 00:00:00,101.06999969482422,,,,,,,,,2528.7900390625,,,,
1971-05-25 00:00:00,101.30000305175781,,,,,,,,,2490.389892578125,,,,
1971-05-18 00:00:00,99.62999725341797,,,,,,,,,2432.719970703125,,,,
1971-05-11 00:00:00,100.98999786376953,,,,,,,,,2385.2099609375,,,,
1971-05-04 00:00:00,102.20999908447266,,,,,,,,,2415.199951171875,,,,
1971-04-27 00:00:00,102.87000274658203,,,,,,,,,2444.81005859375,,,,
1971-04-20 00:00:00,103.94999694824219,,,,,,,,,2468.179931640625,,,,
1971-04-13 00:00:00,104.05000305175781,,,,,,,,,2433.330078125,,,,
1971-04-06 00:00:00,103.48999786376953,,,,,,,,,2464.10009765625,,,,
1971-03-30 00:00:00,102.0999984741211,,,,,,,,,2401.43994140625,,,,
1971-03-23 00:00:00,100.55999755859375,,,,,,,,,2415.72998046875,,,,
1971-03-16 00:00:00,99.94999694824219,,,,,,,,,2390.02001953125,,,,
1971-03-09 00:00:00,101.01000213623047,,,,,,,,,2341.89990234375,,,,
1971-03-02 00:00:00,99.56999969482422,,,,,,,,,2316.2099609375,,,,
1971-02-23 00:00:00,98.95999908447266,,,,,,,,,2256.429931640625,,,,
1971-02-16 00:00:00,96.75,,,,,,,,,2232.419921875,,,,
1971-02-09 00:00:00,96.73999786376953,,,,,,,,,2213.389892578125,,,,
1971-02-02 00:00:00,98.43000030517578,,,,,,,,,2149.8798828125,,,,
1971-01-26 00:00:00,96.93000030517578,,,,,,,,,2125.159912109375,,,,
1971-01-19 00:00:00,95.87999725341797,,,,,,,,,2100.89990234375,,,,
1971-01-12 00:00:00,94.87999725341797,,,,,,,,,2113.72998046875,,,,
1971-01-05 00:00:00,93.02999877929688,,,,,,,,,2093.89990234375,,,,
1970-12-29 00:00:00,92.19000244140625,,,,,,,,,2040.9300537109375,,,,
1970-12-22 00:00:00,92.1500015258789,,,,,,,,,1987.1400146484375,,,,
1970-12-15 00:00:00,90.61000061035156,,,,,,,,,1982.6099853515625,,,,
1970-12-08 00:00:00,90.22000122070312,,,,,,,,,1977.56005859375,,,,
1970-12-01 00:00:00,90.26000213623047,,,,,,,,,2018.1700439453125,,,,
1970-11-24 00:00:00,89.45999908447266,,,,,,,,,1989.68994140625,,,,
1970-11-17 00:00:00,85.93000030517578,,,,,,,,,2012.1300048828125,,,,
1970-11-10 00:00:00,83.72000122070312,,,,,,,,,2075.159912109375,,,,
1970-11-03 00:00:00,83.37000274658203,,,,,,,,,2111.090087890625,,,,
1970-10-27 00:00:00,84.22000122070312,,,,,,,,,2136.590087890625,,,,
1970-10-20 00:00:00,83.25,,,,,,,,,2114.199951171875,,,,
1970-10-13 00:00:00,83.7699966430664,,,,,,,,,2101.679931640625,,,,
1970-10-06 00:00:00,84.27999877929688,,,,,,,,,2114.2099609375,,,,
1970-09-29 00:00:00,85.08000183105469,,,,,,,,,2081.320068359375,,,,
1970-09-22 00:00:00,85.16000366210938,,,,,,,,,2065.590087890625,,,,
1970-09-15 00:00:00,82.83000183105469,,,,,,,,,2065.02001953125,,,,
1970-09-08 00:00:00,82.62000274658203,,,,,,,,,2136.800048828125,,,,
1970-09-01 00:00:00,82.5199966430664,,,,,,,,,2157.260009765625,,,,
1970-08-25 00:00:00,82.83000183105469,,,,,,,,,2144.9599609375,,,,
1970-08-18 00:00:00,81.86000061035156,,,,,,,,,2157.840087890625,,,,
1970-08-11 00:00:00,79.23999786376953,,,,,,,,,2164.280029296875,,,,
1970-08-04 00:00:00,75.18000030517578,,,,,,,,,2136.14990234375,,,,
1970-07-28 00:00:00,77.27999877929688,,,,,,,,,2143.090087890625,,,,
1970-07-21 00:00:00,78.05000305175781,,,,,,,,,2159.159912109375,,,,
1970-07-14 00:00:00,77.81999969482422,,,,,,,,,2128.35009765625,,,,
1970-07-07 00:00:00,77.69000244140625,,,,,,,,,2067.760009765625,,,,
1970-06-30 00:00:00,74.44999694824219,,,,,,,,,2102.219970703125,,,,
1970-06-23 00:00:00,72.91999816894531,,,,,,,,,2135.25,,,,
1970-06-16 00:00:00,73.47000122070312,,,,,,,,,2135.8798828125,,,,
1970-06-09 00:00:00,77.05000305175781,,,,,,,,,2113.219970703125,,,,
1970-06-02 00:00:00,73.87999725341797,,,,,,,,,2048.93994140625,,,,
1970-05-26 00:00:00,76.16999816894531,,,,,,,,,2123.820068359375,,,,
1970-05-19 00:00:00,76.55000305175781,,,,,,,,,2026.0999755859375,,,,
1970-05-12 00:00:00,72.25,,,,,,,,,1989.3399658203125,,,,
1970-05-05 00:00:00,76.9000015258789,,,,,,,,,2018.7099609375,,,,
1970-04-28 00:00:00,79.44000244140625,,,,,,,,,2190.5400390625,,,,
1970-04-21 00:00:00,81.44000244140625,,,,,,,,,2114.320068359375,,,,
1970-04-14 00:00:00,82.7699966430664,,,,,,,,,2422.860107421875,,,,
1970-04-07 00:00:00,85.66999816894531,,,,,,,,,2471.2099609375,,,,
1970-03-31 00:00:00,88.23999786376953,,,,,,,,,2513.93994140625,,,,
1970-03-24 00:00:00,89.38999938964844,,,,,,,,,2500.090087890625,,,,
1970-03-17 00:00:00,89.91999816894531,,,,,,,,,2485.360107421875,,,,
1970-03-10 00:00:00,87.05999755859375,,,,,,,,,2491.179931640625,,,,
1970-03-03 00:00:00,87.86000061035156,,,,,,,,,2446.360107421875,,,,
1970-02-24 00:00:00,89.44000244140625,,,,,,,,,2452.260009765625,,,,
1970-02-17 00:00:00,89.5,,,,,,,,,2385.070068359375,,,,
1970-02-10 00:00:00,88.02999877929688,,,,,,,,,2322.97998046875,,,,
1970-02-03 00:00:00,86.54000091552734,,,,,,,,,2298.64990234375,,,,
1970-01-27 00:00:00,86.33000183105469,,,,,,,,,2302.929931640625,,,,
1970-01-20 00:00:00,85.0199966430664,,,,,,,,,2296.429931640625,,,,
1970-01-13 00:00:00,89.37000274658203,,,,,,,,,2312.0,,,,
1970-01-06 00:00:00,90.91999816894531,,,,,,,,,2286.449951171875,,,,
1969-12-30 00:00:00,92.4000015258789,,,,,,,,,2283.679931640625,,,,
1969-12-23 00:00:00,93.0,,,,,,,,,2348.030029296875,,,,
1969-12-16 00:00:00,91.88999938964844,,,,,,,,,2348.030029296875,,,,
1969-12-09 00:00:00,91.37999725341797,,,,,,,,,2278.830078125,,,,
1969-12-02 00:00:00,90.80999755859375,,,,,,,,,2253.590087890625,,,,
1969-11-25 00:00:00,91.7300033569336,,,,,,,,,2170.14990234375,,,,
1969-11-18 00:00:00,93.80999755859375,,,,,,,,,2211.89990234375,,,,
1969-11-11 00:00:00,94.31999969482422,,,,,,,,,2196.02001953125,,,,
1969-11-04 00:00:00,97.06999969482422,,,,,,,,,2148.659912109375,,,,
1969-10-28 00:00:00,98.26000213623047,,,,,,,,,2102.580078125,,,,
1969-10-21 00:00:00,97.12000274658203,,,,,,,,,2130.300048828125,,,,
1969-10-14 00:00:00,98.12000274658203,,,,,,,,,2120.93994140625,,,,
1969-10-07 00:00:00,96.26000213623047,,,,,,,,,2097.489990234375,,,,
1969-09-30 00:00:00,93.55999755859375,,,,,,,,,2033.52001953125,,,,
1969-09-23 00:00:00,93.19000244140625,,,,,,,,,2027.93994140625,,,,
1969-09-16 00:00:00,94.16000366210938,,,,,,,,,1988.9200439453125,,,,
1969-09-09 00:00:00,95.19000244140625,,,,,,,,,2000.4300537109375,,,,
1969-09-02 00:00:00,94.12999725341797,,,,,,,,,1987.6199951171875,,,,
1969-08-26 00:00:00,93.63999938964844,,,,,,,,,1984.68994140625,,,,
1969-08-19 00:00:00,95.51000213623047,,,,,,,,,1909.260009765625,,,,
1969-08-12 00:00:00,95.91999816894531,,,,,,,,,1871.7900390625,,,,
1969-08-05 00:00:00,94.0,,,,,,,,,1896.0899658203125,,,,
1969-07-29 00:00:00,93.94000244140625,,,,,,,,,1844.030029296875,,,,
1969-07-22 00:00:00,93.47000122070312,,,,,,,,,1879.4100341796875,,,,
1969-07-15 00:00:00,92.05999755859375,,,,,,,,,1888.4200439453125,,,,
1969-07-08 00:00:00,94.94999694824219,,,,,,,,,1906.0,,,,
1969-07-01 00:00:00,95.7699966430664,,,,,,,,,1948.6400146484375,,,,
1969-06-24 00:00:00,99.61000061035156,,,,,,,,,1992.81005859375,,,,
1969-06-17 00:00:00,97.33000183105469,,,,,,,,,1953.52001953125,,,,
1969-06-10 00:00:00,96.66999816894531,,,,,,,,,1883.5,,,,
1969-06-03 00:00:00,98.6500015258789,,,,,,,,,1926.010009765625,,,,
1969-05-27 00:00:00,102.12000274658203,,,,,,,,,2009.1800537109375,,,,
1969-05-20 00:00:00,103.45999908447266,,,,,,,,,1990.530029296875,,,,
1969-05-13 00:00:00,104.58999633789062,,,,,,,,,1932.199951171875,,,,
1969-05-06 00:00:00,105.94000244140625,,,,,,,,,1937.050048828125,,,,
1969-04-29 00:00:00,105.05000305175781,,,,,,,,,1919.0699462890625,,,,
1969-04-22 00:00:00,104.0,,,,,,,,,1906.43994140625,,,,
1969-04-15 00:00:00,101.72000122070312,,,,,,,,,1896.0899658203125,,,,
1969-04-08 00:00:00,101.23999786376953,,,,,,,,,1880.8299560546875,,,,
1969-04-01 00:00:00,101.6500015258789,,,,,,,,,1893.5,,,,
1969-03-25 00:00:00,100.68000030517578,,,,,,,,,1868.1199951171875,,,,
1969-03-18 00:00:00,101.51000213623047,,,,,,,,,1824.0699462890625,,,,
1969-03-11 00:00:00,99.62999725341797,,,,,,,,,1783.199951171875,,,,
1969-03-04 00:00:00,98.0,,,,,,,,,1795.5799560546875,,,,
1969-02-25 00:00:00,98.6500015258789,,,,,,,,,1766.8900146484375,,,,
1969-02-18 00:00:00,98.12999725341797,,,,,,,,,1758.5400390625,,,,
1969-02-11 00:00:00,99.79000091552734,,,,,,,,,1775.4300537109375,,,,
1969-02-04 00:00:00,103.61000061035156,,,,,,,,,1826.1400146484375,,,,
1969-01-28 00:00:00,103.52999877929688,,,,,,,,,1845.949951171875,,,,
1969-01-21 00:00:00,103.01000213623047,,,,,,,,,1830.260009765625,,,,
1969-01-14 00:00:00,102.37999725341797,,,,,,,,,1825.800048828125,,,,
1969-01-07 00:00:00,102.02999877929688,,,,,,,,,1779.6300048828125,,,,
1968-12-31 00:00:00,100.93000030517578,,,,,,,,,1753.31005859375,,,,
1968-12-24 00:00:00,103.98999786376953,,,,,,,,,1699.0799560546875,,,,
1968-12-17 00:00:00,104.73999786376953,,,,,,,,,1699.0799560546875,,,,
1968-12-10 00:00:00,106.33999633789062,,,,,,,,,1702.449951171875,,,,
1968-12-03 00:00:00,107.58000183105469,,,,,,,,,1712.0,,,,
1968-11-26 00:00:00,107.93000030517578,,,,,,,,,1718.0899658203125,,,,
1968-11-19 00:00:00,108.37000274658203,,,,,,,,,1716.68994140625,,,,
1968-11-12 00:00:00,106.30000305175781,,,,,,,,,1693.0400390625,,,,
1968-11-05 00:00:00,105.77999877929688,,,,,,,,,1697.0799560546875,,,,
1968-10-29 00:00:00,103.94999694824219,,,,,,,,,1668.0899658203125,,,,
1968-10-22 00:00:00,103.05999755859375,,,,,,,,,1741.9200439453125,,,,
1968-10-15 00:00:00,104.19999694824219,,,,,,,,,1749.3299560546875,,,,
1968-10-08 00:00:00,104.81999969482422,,,,,,,,,1741.9300537109375,,,,
1968-10-01 00:00:00,103.18000030517578,,,,,,,,,1715.469970703125,,,,
1968-09-24 00:00:00,103.70999908447266,,,,,,,,,1803.239990234375,,,,
1968-09-17 00:00:00,102.30999755859375,,,,,,,,,1826.6800537109375,,,,
1968-09-10 00:00:00,101.66000366210938,,,,,,,,,1801.6199951171875,,,,
1968-09-03 00:00:00,100.86000061035156,,,,,,,,,1764.4100341796875,,,,
1968-08-27 00:00:00,101.19999694824219,,,,,,,,,1736.93994140625,,,,
1968-08-20 00:00:00,98.86000061035156,,,,,,,,,1691.9100341796875,,,,
1968-08-13 00:00:00,98.69000244140625,,,,,,,,,1648.1700439453125,,,,
1968-08-06 00:00:00,98.68000030517578,,,,,,,,,1612.260009765625,,,,
1968-07-30 00:00:00,97.01000213623047,,,,,,,,,1622.8599853515625,,,,
1968-07-23 00:00:00,96.62999725341797,,,,,,,,,1601.8399658203125,,,,
1968-07-16 00:00:00,98.33999633789062,,,,,,,,,1582.8299560546875,,,,
1968-07-09 00:00:00,100.45999908447266,,,,,,,,,1565.8699951171875,,,,
1968-07-02 00:00:00,102.33999633789062,,,,,,,,,1564.47998046875,,,,
1968-06-25 00:00:00,100.91000366210938,,,,,,,,,1547.0899658203125,,,,
1968-06-18 00:00:00,99.58000183105469,,,,,,,,,1531.1800537109375,,,,
1968-06-11 00:00:00,100.66000366210938,,,,,,,,,1482.5400390625,,,,
1968-06-04 00:00:00,101.12999725341797,,,,,,,,,1524.030029296875,,,,
1968-05-28 00:00:00,101.2699966430664,,,,,,,,,1510.510009765625,,,,
1968-05-21 00:00:00,98.68000030517578,,,,,,,,,1462.3399658203125,,,,
1968-05-14 00:00:00,97.1500015258789,,,,,,,,,1460.0999755859375,,,,
1968-05-07 00:00:00,96.9000015258789,,,,,,,,,1485.8599853515625,,,,
1968-04-30 00:00:00,98.5,,,,,,,,,1473.5,,,,
1968-04-23 00:00:00,98.66000366210938,,,,,,,,,1464.8199462890625,,,,
1968-04-16 00:00:00,97.20999908447266,,,,,,,,,1438.239990234375,,,,
1968-04-09 00:00:00,95.8499984741211,,,,,,,,,1437.300048828125,,,,
1968-04-02 00:00:00,96.52999877929688,,,,,,,,,1415.0,,,,
1968-03-26 00:00:00,93.29000091552734,,,,,,,,,1393.3199462890625,,,,
1968-03-19 00:00:00,90.19999694824219,,,,,,,,,1361.1500244140625,,,,
1968-03-12 00:00:00,88.41999816894531,,,,,,,,,1350.6400146484375,,,,
1968-03-05 00:00:00,89.0999984741211,,,,,,,,,1340.5400390625,,,,
1968-02-27 00:00:00,89.02999877929688,,,,,,,,,1321.4100341796875,,,,
1968-02-20 00:00:00,89.11000061035156,,,,,,,,,1355.489990234375,,,,
1968-02-13 00:00:00,90.88999938964844,,,,,,,,,1348.6600341796875,,,,
1968-02-06 00:00:00,89.95999908447266,,,,,,,,,1334.219970703125,,,,
1968-01-30 00:00:00,89.86000061035156,,,,,,,,,1330.72998046875,,,,
1968-01-23 00:00:00,92.2699966430664,,,,,,,,,1318.1099853515625,,,,
1968-01-16 00:00:00,93.44999694824219,,,,,,,,,1313.1800537109375,,,,
1968-01-09 00:00:00,95.23999786376953,,,,,,,,,1312.739990234375,,,,
1968-01-02 00:00:00,96.72000122070312,,,,,,,,,1314.469970703125,,,,
1967-12-26 00:00:00,95.94000244140625,,,,,,,,,1282.3800048828125,,,,
1967-12-19 00:00:00,96.47000122070312,,,,,,,,,1283.469970703125,,,,
1967-12-12 00:00:00,95.19999694824219,,,,,,,,,1291.0799560546875,,,,
1967-12-05 00:00:00,95.02999877929688,,,,,,,,,1258.3699951171875,,,,
1967-11-28 00:00:00,95.41999816894531,,,,,,,,,1260.6300048828125,,,,
1967-11-21 00:00:00,94.5,,,,,,,,,1284.8800048828125,,,,
1967-11-14 00:00:00,93.9000015258789,,,,,,,,,1282.4000244140625,,,,
1967-11-07 00:00:00,92.81999969482422,,,,,,,,,1343.7900390625,,,,
1967-10-31 00:00:00,92.20999908447266,,,,,,,,,1344.68994140625,,,,
1967-10-24 00:00:00,91.77999877929688,,,,,,,,,1364.6099853515625,,,,
1967-10-17 00:00:00,94.95999908447266,,,,,,,,,1376.0899658203125,,,,
1967-10-10 00:00:00,95.37999725341797,,,,,,,,,1378.699951171875,,,,
1967-10-03 00:00:00,96.0,,,,,,,,,1362.6600341796875,,,,
1967-09-26 00:00:00,97.26000213623047,,,,,,,,,1363.010009765625,,,,
1967-09-19 00:00:00,96.70999908447266,,,,,,,,,1323.9100341796875,,,,
1967-09-12 00:00:00,97.0,,,,,,,,,1350.27001953125,,,,
1967-09-05 00:00:00,96.2699966430664,,,,,,,,,1334.6600341796875,,,,
1967-08-29 00:00:00,94.36000061035156,,,,,,,,,1337.489990234375,,,,
1967-08-22 00:00:00,93.68000030517578,,,,,,,,,1352.5400390625,,,,
1967-08-15 00:00:00,92.69999694824219,,,,,,,,,1342.1700439453125,,,,
1967-08-08 00:00:00,94.77999877929688,,,,,,,,,1360.9000244140625,,,,
1967-08-01 00:00:00,95.1500015258789,,,,,,,,,1414.47998046875,,,,
1967-07-25 00:00:00,95.83000183105469,,,,,,,,,1446.739990234375,,,,
1967-07-18 00:00:00,94.48999786376953,,,,,,,,,1483.6300048828125,,,,
1967-07-11 00:00:00,94.04000091552734,,,,,,,,,1494.0699462890625,,,,
1967-07-04 00:00:00,92.73999786376953,,,,,,,,,1480.8199462890625,,,,
1967-06-27 00:00:00,91.69000244140625,,,,,,,,,1477.1600341796875,,,,
1967-06-20 00:00:00,90.63999938964844,,,,,,,,,1494.1800537109375,,,,
1967-06-13 00:00:00,92.0,,,,,,,,,1474.030029296875,,,,
1967-06-06 00:00:00,92.54000091552734,,,,,,,,,1478.47998046875,,,,
1967-05-30 00:00:00,91.55999755859375,,,,,,,,,1487.7900390625,,,,
1967-05-23 00:00:00,89.79000091552734,,,,,,,,,1502.780029296875,,,,
1967-05-16 00:00:00,90.9800033569336,,,,,,,,,1474.75,,,,
1967-05-09 00:00:00,92.06999969482422,,,,,,,,,1480.739990234375,,,,
1967-05-02 00:00:00,93.4800033569336,,,,,,,,,1476.5799560546875,,,,
1967-04-25 00:00:00,94.44000244140625,,,,,,,,,1448.739990234375,,,,
1967-04-18 00:00:00,94.01000213623047,,,,,,,,,1437.239990234375,,,,
1967-04-11 00:00:00,92.30000305175781,,,,,,,,,1445.4599609375,,,,
1967-04-04 00:00:00,90.43000030517578,,,,,,,,,1420.719970703125,,,,
1967-03-28 00:00:00,89.36000061035156,,,,,,,,,1425.7099609375,,,,
1967-03-21 00:00:00,90.19999694824219,,,,,,,,,1455.5799560546875,,,,
1967-03-14 00:00:00,90.94000244140625,,,,,,,,,1456.6099853515625,,,,
1967-03-07 00:00:00,90.25,,,,,,,,,1467.1199951171875,,,,
1967-02-28 00:00:00,88.88999938964844,,,,,,,,,1468.4000244140625,,,,
1967-02-21 00:00:00,88.29000091552734,,,,,,,,,1485.0699462890625,,,,
1967-02-14 00:00:00,87.41000366210938,,,,,,,,,1484.949951171875,,,,
1967-02-07 00:00:00,87.88999938964844,,,,,,,,,1468.1500244140625,,,,
1967-01-31 00:00:00,87.62999725341797,,,,,,,,,1446.6600341796875,,,,
1967-01-24 00:00:00,87.36000061035156,,,,,,,,,1480.510009765625,,,,
1967-01-17 00:00:00,86.16000366210938,,,,,,,,,1429.1400146484375,,,,
1967-01-10 00:00:00,86.06999969482422,,,,,,,,,1441.969970703125,,,,
1967-01-03 00:00:00,84.52999877929688,,,,,,,,,1418.22998046875,,,,
1966-12-27 00:00:00,82.18000030517578,,,,,,,,,1413.9300537109375,,,,
1966-12-20 00:00:00,80.33000183105469,,,,,,,,,1452.0999755859375,,,,
1966-12-13 00:00:00,81.47000122070312,,,,,,,,,1417.97998046875,,,,
1966-12-06 00:00:00,81.58000183105469,,,,,,,,,1376.489990234375,,,,
1966-11-29 00:00:00,82.13999938964844,,,,,,,,,1393.6400146484375,,,,
1966-11-22 00:00:00,80.12999725341797,,,,,,,,,1378.3399658203125,,,,
1966-11-15 00:00:00,80.8499984741211,,,,,,,,,1405.5799560546875,,,,
1966-11-08 00:00:00,81.26000213623047,,,,,,,,,1426.5799560546875,,,,
1966-11-01 00:00:00,81.94000244140625,,,,,,,,,1418.5,,,,
1966-10-25 00:00:00,80.80999755859375,,,,,,,,,1438.5799560546875,,,,
1966-10-18 00:00:00,80.23999786376953,,,,,,,,,1430.0400390625,,,,
1966-10-11 00:00:00,78.19000244140625,,,,,,,,,1420.260009765625,,,,
1966-10-04 00:00:00,76.5999984741211,,,,,,,,,1448.1700439453125,,,,
1966-09-27 00:00:00,73.19999694824219,,,,,,,,,1444.8900146484375,,,,
1966-09-20 00:00:00,76.55999755859375,,,,,,,,,1464.5899658203125,,,,
1966-09-13 00:00:00,77.66999816894531,,,,,,,,,1461.43994140625,,,,
1966-09-06 00:00:00,79.98999786376953,,,,,,,,,1422.1700439453125,,,,
1966-08-30 00:00:00,76.29000091552734,,,,,,,,,1436.1500244140625,,,,
1966-08-23 00:00:00,77.41999816894531,,,,,,,,,1470.949951171875,,,,
1966-08-16 00:00:00,76.41000366210938,,,,,,,,,1459.0,,,,
1966-08-09 00:00:00,79.62000274658203,,,,,,,,,1466.4300537109375,,,,
1966-08-02 00:00:00,83.16999816894531,,,,,,,,,1486.3800048828125,,,,
1966-07-26 00:00:00,84.0,,,,,,,,,1479.8499755859375,,,,
1966-07-19 00:00:00,83.5999984741211,,,,,,,,,1499.0,,,,
1966-07-12 00:00:00,85.41000366210938,,,,,,,,,1475.3900146484375,,,,
1966-07-05 00:00:00,87.08000183105469,,,,,,,,,1465.2099609375,,,,
1966-06-28 00:00:00,87.61000061035156,,,,,,,,,1507.1099853515625,,,,
1966-06-21 00:00:00,85.61000061035156,,,,,,,,,1509.1600341796875,,,,
1966-06-14 00:00:00,86.58000183105469,,,,,,,,,1513.3800048828125,,,,
1966-06-07 00:00:00,86.51000213623047,,,,,,,,,1519.4200439453125,,,,
1966-05-31 00:00:00,86.44000244140625,,,,,,,,,1515.010009765625,,,,
1966-05-24 00:00:00,86.05999755859375,,,,,,,,,1517.81005859375,,,,
1966-05-17 00:00:00,87.33000183105469,,,,,,,,,1550.06005859375,,,,
1966-05-10 00:00:00,85.43000030517578,,,,,,,,,1552.75,,,,
1966-05-03 00:00:00,85.47000122070312,,,,,,,,,1571.0999755859375,,,,
1966-04-26 00:00:00,87.83999633789062,,,,,,,,,1581.5799560546875,,,,
1966-04-19 00:00:00,91.05999755859375,,,,,,,,,1553.6800537109375,,,,
1966-04-12 00:00:00,92.2699966430664,,,,,,,,,1503.0899658203125,,,,
1966-04-05 00:00:00,91.98999786376953,,,,,,,,,1535.199951171875,,,,
1966-03-29 00:00:00,91.76000213623047,,,,,,,,,1548.0,,,,
1966-03-22 00:00:00,89.94000244140625,,,,,,,,,1588.72998046875,,,,
1966-03-15 00:00:00,89.54000091552734,,,,,,,,,1550.2099609375,,,,
1966-03-08 00:00:00,88.52999877929688,,,,,,,,,1558.77001953125,,,,
1966-03-01 00:00:00,88.8499984741211,,,,,,,,,1512.18994140625,,,,
1966-02-22 00:00:00,89.23999786376953,,,,,,,,,1524.989990234375,,,,
1966-02-15 00:00:00,91.13999938964844,,,,,,,,,1491.760009765625,,,,
1966-02-08 00:00:00,92.41000366210938,,,,,,,,,1459.6300048828125,,,,
1966-02-01 00:00:00,93.80999755859375,,,,,,,,,1489.1099853515625,,,,
1966-01-25 00:00:00,93.26000213623047,,,,,,,,,1487.0899658203125,,,,
1966-01-18 00:00:00,93.30999755859375,,,,,,,,,1465.8299560546875,,,,
1966-01-11 00:00:00,93.47000122070312,,,,,,,,,1435.3399658203125,,,,
1966-01-04 00:00:00,93.5,,,,,,,,,1416.1199951171875,,,,
1965-12-28 00:00:00,93.13999938964844,,,,,,,,,1428.530029296875,,,,
1965-12-21 00:00:00,92.43000030517578,,,,,,,,,1417.8299560546875,,,,
1965-12-14 00:00:00,92.19000244140625,,,,,,,,,1389.2900390625,,,,
1965-12-07 00:00:00,92.08000183105469,,,,,,,,,1369.8399658203125,,,,
1965-11-30 00:00:00,91.80000305175781,,,,,,,,,1334.93994140625,,,,
1965-11-23 00:00:00,91.2699966430664,,,,,,,,,1376.56005859375,,,,
1965-11-16 00:00:00,92.02999877929688,,,,,,,,,1335.9300537109375,,,,
1965-11-09 00:00:00,92.23999786376953,,,,,,,,,1329.280029296875,,,,
1965-11-02 00:00:00,92.55000305175781,,,,,,,,,1323.1099853515625,,,,
1965-10-26 00:00:00,92.37000274658203,,,,,,,,,1262.800048828125,,,,
1965-10-19 00:00:00,92.41999816894531,,,,,,,,,1250.6800537109375,,,,
1965-10-12 00:00:00,91.9800033569336,,,,,,,,,1240.8599853515625,,,,
1965-10-05 00:00:00,91.37999725341797,,,,,,,,,1253.8699951171875,,,,
1965-09-28 00:00:00,90.8499984741211,,,,,,,,,1198.1099853515625,,,,
1965-09-21 00:00:00,89.9000015258789,,,,,,,,,1210.1099853515625,,,,
1965-09-14 00:00:00,90.0199966430664,,,,,,,,,1243.4000244140625,,,,
1965-09-07 00:00:00,90.05000305175781,,,,,,,,,1266.4000244140625,,,,
1965-08-31 00:00:00,89.12000274658203,,,,,,,,,1273.22998046875,,,,
1965-08-24 00:00:00,88.05999755859375,,,,,,,,,1256.219970703125,,,,
1965-08-17 00:00:00,87.19999694824219,,,,,,,,,1214.949951171875,,,,
1965-08-10 00:00:00,86.69000244140625,,,,,,,,,1165.81005859375,,,,
1965-08-03 00:00:00,86.7699966430664,,,,,,,,,1146.6600341796875,,,,
1965-07-27 00:00:00,86.06999969482422,,,,,,,,,1145.8699951171875,,,,
1965-07-20 00:00:00,85.25,,,,,,,,,1097.199951171875,,,,
1965-07-13 00:00:00,84.06999969482422,,,,,,,,,1027.8499755859375,,,,
1965-07-06 00:00:00,85.69000244140625,,,,,,,,,1037.969970703125,,,,
1965-06-29 00:00:00,85.70999908447266,,,,,,,,,1032.949951171875,,,,
1965-06-22 00:00:00,85.16000366210938,,,,,,,,,1065.8900146484375,,,,
1965-06-15 00:00:00,83.05999755859375,,,,,,,,,1096.56005859375,,,,
1965-06-08 00:00:00,85.33999633789062,,,,,,,,,1080.2099609375,,,,
1965-06-01 00:00:00,85.12000274658203,,,,,,,,,1093.1400146484375,,,,
1965-05-25 00:00:00,87.11000061035156,,,,,,,,,1120.530029296875,,,,
1965-05-18 00:00:00,88.41999816894531,,,,,,,,,1081.510009765625,,,,
1965-05-11 00:00:00,88.75,,,,,,,,,1142.68994140625,,,,
1965-05-04 00:00:00,90.0999984741211,,,,,,,,,1150.469970703125,,,,
1965-04-27 00:00:00,89.8499984741211,,,,,,,,,1162.6300048828125,,,,
1965-04-20 00:00:00,89.11000061035156,,,,,,,,,1176.6400146484375,,,,
1965-04-13 00:00:00,88.87999725341797,,,,,,,,,1133.300048828125,,,,
1965-04-06 00:00:00,88.1500015258789,,,,,,,,,1148.2099609375,,,,
1965-03-30 00:00:00,87.55999755859375,,,,,,,,,1180.5699462890625,,,,
1965-03-23 00:00:00,86.52999877929688,,,,,,,,,1128.5699462890625,,,,
1965-03-16 00:00:00,86.19999694824219,,,,,,,,,1162.77001953125,,,,
1965-03-09 00:00:00,86.83999633789062,,,,,,,,,1175.8800048828125,,,,
1965-03-02 00:00:00,87.20999908447266,,,,,,,,,1175.8599853515625,,,,
1965-02-23 00:00:00,86.80000305175781,,,,,,,,,1209.6400146484375,,,,
1965-02-16 00:00:00,87.43000030517578,,,,,,,,,1213.0699462890625,,,,
1965-02-09 00:00:00,86.20999908447266,,,,,,,,,1237.3499755859375,,,,
1965-02-02 00:00:00,86.16999816894531,,,,,,,,,1257.93994140625,,,,
1965-01-26 00:00:00,87.29000091552734,,,,,,,,,1263.5899658203125,,,,
1965-01-19 00:00:00,87.55999755859375,,,,,,,,,1242.27001953125,,,,
1965-01-12 00:00:00,86.73999786376953,,,,,,,,,1261.8299560546875,,,,
1965-01-05 00:00:00,86.20999908447266,,,,,,,,,1289.5,,,,
1964-12-29 00:00:00,85.37000274658203,,,,,,,,,1286.4300537109375,,,,
1964-12-22 00:00:00,84.75,,,,,,,,,,,,,
1964-12-15 00:00:00,84.1500015258789,,,,,,,,,,,,,
1964-12-08 00:00:00,84.29000091552734,,,,,,,,,,,,,
1964-12-01 00:00:00,83.66000366210938,,,,,,,,,,,,,
1964-11-24 00:00:00,84.3499984741211,,,,,,,,,,,,,
1964-11-17 00:00:00,85.16000366210938,,,,,,,,,,,,,
1964-11-10 00:00:00,86.27999877929688,,,,,,,,,,,,,
1964-11-03 00:00:00,85.20999908447266,,,,,,,,,,,,,
1964-10-27 00:00:00,85.2300033569336,,,,,,,,,,,,,
1964-10-20 00:00:00,84.86000061035156,,,,,,,,,,,,,
1964-10-13 00:00:00,85.13999938964844,,,,,,,,,,,,,
1964-10-06 00:00:00,84.83000183105469,,,,,,,,,,,,,
1964-09-29 00:00:00,85.22000122070312,,,,,,,,,,,,,
1964-09-22 00:00:00,84.36000061035156,,,,,,,,,,,,,
1964-09-15 00:00:00,84.20999908447266,,,,,,,,,,,,,
1964-09-08 00:00:00,83.4800033569336,,,,,,,,,,,,,
1964-09-01 00:00:00,83.44999694824219,,,,,,,,,,,,,
1964-08-25 00:00:00,82.76000213623047,,,,,,,,,,,,,
1964-08-18 00:00:00,81.98999786376953,,,,,,,,,,,,,
1964-08-11 00:00:00,82.06999969482422,,,,,,,,,,,,,
1964-08-04 00:00:00,82.3499984741211,,,,,,,,,,,,,
1964-07-28 00:00:00,81.86000061035156,,,,,,,,,,,,,
1964-07-21 00:00:00,83.18000030517578,,,,,,,,,,,,,
1964-07-14 00:00:00,83.45999908447266,,,,,,,,,,,,,
1964-07-07 00:00:00,84.01000213623047,,,,,,,,,,,,,
1964-06-30 00:00:00,83.36000061035156,,,,,,,,,,,,,
1964-06-23 00:00:00,82.5999984741211,,,,,,,,,,,,,
1964-06-16 00:00:00,81.45999908447266,,,,,,,,,,,,,
1964-06-09 00:00:00,80.88999938964844,,,,,,,,,,,,,
1964-06-02 00:00:00,79.5999984741211,,,,,,,,,,,,,
1964-05-26 00:00:00,79.0199966430664,,,,,,,,,,,,,
1964-05-19 00:00:00,80.37000274658203,,,,,,,,,,,,,
1964-05-12 00:00:00,80.7300033569336,,,,,,,,,,,,,
1964-05-05 00:00:00,81.0999984741211,,,,,,,,,,,,,
1964-04-28 00:00:00,81.0,,,,,,,,,,,,,
1964-04-21 00:00:00,80.16999816894531,,,,,,,,,,,,,
1964-04-14 00:00:00,79.75,,,,,,,,,,,,,
1964-04-07 00:00:00,80.55000305175781,,,,,,,,,,,,,
1964-03-31 00:00:00,79.8499984741211,,,,,,,,,,,,,
1964-03-24 00:00:00,79.94000244140625,,,,,,,,,,,,,
1964-03-17 00:00:00,79.19000244140625,,,,,,,,,,,,,
1964-03-10 00:00:00,78.91999816894531,,,,,,,,,,,,,
1964-03-03 00:00:00,79.13999938964844,,,,,,,,,,,,,
1964-02-25 00:00:00,78.30999755859375,,,,,,,,,,,,,
1964-02-18 00:00:00,77.80000305175781,,,,,,,,,,,,,
1964-02-11 00:00:00,77.62000274658203,,,,,,,,,,,,,
1964-02-04 00:00:00,77.4800033569336,,,,,,,,,,,,,
1964-01-28 00:00:00,77.18000030517578,,,,,,,,,,,,,
1964-01-21 00:00:00,77.04000091552734,,,,,,,,,,,,,
1964-01-14 00:00:00,77.11000061035156,,,,,,,,,,,,,
1964-01-07 00:00:00,76.55999755859375,,,,,,,,,,,,,
1963-12-31 00:00:00,76.23999786376953,,,,,,,,,,,,,
1963-12-24 00:00:00,75.5,,,,,,,,,,,,,
1963-12-17 00:00:00,74.44000244140625,,,,,,,,,,,,,
1963-12-10 00:00:00,74.27999877929688,,,,,,,,,,,,,
1963-12-03 00:00:00,74.05999755859375,,,,,,,,,,,,,
1963-11-26 00:00:00,74.0,,,,,,,,,,,,,
1963-11-19 00:00:00,73.2300033569336,,,,,,,,,,,,,
1963-11-12 00:00:00,69.61000061035156,,,,,,,,,,,,,
1963-11-05 00:00:00,72.3499984741211,,,,,,,,,,,,,
1963-10-29 00:00:00,73.36000061035156,,,,,,,,,,,,,
1963-10-22 00:00:00,73.83000183105469,,,,,,,,,,,,,
1963-10-15 00:00:00,74.01000213623047,,,,,,,,,,,,,
1963-10-08 00:00:00,73.31999969482422,,,,,,,,,,,,,
1963-10-01 00:00:00,72.2699966430664,,,,,,,,,,,,,
1963-09-24 00:00:00,72.8499984741211,,,,,,,,,,,,,
1963-09-17 00:00:00,72.12999725341797,,,,,,,,,,,,,
1963-09-10 00:00:00,73.30000305175781,,,,,,,,,,,,,
1963-09-03 00:00:00,73.16999816894531,,,,,,,,,,,,,
1963-08-27 00:00:00,72.83999633789062,,,,,,,,,,,,,
1963-08-20 00:00:00,72.5,,,,,,,,,,,,,
1963-08-13 00:00:00,71.76000213623047,,,,,,,,,,,,,
1963-08-06 00:00:00,71.48999786376953,,,,,,,,,,,,,
1963-07-30 00:00:00,70.4800033569336,,,,,,,,,,,,,
1963-07-23 00:00:00,69.30000305175781,,,,,,,,,,,,,
1963-07-16 00:00:00,68.54000091552734,,,,,,,,,,,,,
1963-07-09 00:00:00,68.3499984741211,,,,,,,,,,,,,
1963-07-02 00:00:00,69.63999938964844,,,,,,,,,,,,,
1963-06-25 00:00:00,70.22000122070312,,,,,,,,,,,,,
1963-06-18 00:00:00,69.37000274658203,,,,,,,,,,,,,
1963-06-11 00:00:00,70.25,,,,,,,,,,,,,
1963-06-04 00:00:00,70.25,,,,,,,,,,,,,
1963-05-28 00:00:00,70.41000366210938,,,,,,,,,,,,,
1963-05-21 00:00:00,70.80000305175781,,,,,,,,,,,,,
1963-05-14 00:00:00,70.0199966430664,,,,,,,,,,,,,
1963-05-07 00:00:00,70.29000091552734,,,,,,,,,,,,,
1963-04-30 00:00:00,70.5199966430664,,,,,,,,,,,,,
1963-04-23 00:00:00,70.02999877929688,,,,,,,,,,,,,
1963-04-16 00:00:00,69.69999694824219,,,,,,,,,,,,,
1963-04-09 00:00:00,69.2300033569336,,,,,,,,,,,,,
1963-04-02 00:00:00,68.7699966430664,,,,,,,,,,,,,
1963-03-26 00:00:00,68.27999877929688,,,,,,,,,,,,,
1963-03-19 00:00:00,66.56999969482422,,,,,,,,,,,,,
1963-03-12 00:00:00,66.19000244140625,,,,,,,,,,,,,
1963-03-05 00:00:00,65.93000030517578,,,,,,,,,,,,,
1963-02-26 00:00:00,65.33000183105469,,,,,,,,,,,,,
1963-02-19 00:00:00,64.0999984741211,,,,,,,,,,,,,
1963-02-12 00:00:00,65.91999816894531,,,,,,,,,,,,,
1963-02-05 00:00:00,66.41000366210938,,,,,,,,,,,,,
1963-01-29 00:00:00,66.16999816894531,,,,,,,,,,,,,
1963-01-22 00:00:00,66.30999755859375,,,,,,,,,,,,,
1963-01-15 00:00:00,65.91999816894531,,,,,,,,,,,,,
1963-01-08 00:00:00,65.18000030517578,,,,,,,,,,,,,
1963-01-01 00:00:00,64.8499984741211,,,,,,,,,,,,,
1962-12-25 00:00:00,64.12999725341797,,,,,,,,,,,,,
1962-12-18 00:00:00,62.959999084472656,,,,,,,,,,,,,
1962-12-11 00:00:00,62.63999938964844,,,,,,,,,,,,,
1962-12-04 00:00:00,62.56999969482422,,,,,,,,,,,,,
1962-11-27 00:00:00,63.060001373291016,,,,,,,,,,,,,
1962-11-20 00:00:00,62.2599983215332,,,,,,,,,,,,,
1962-11-13 00:00:00,61.540000915527344,,,,,,,,,,,,,
1962-11-06 00:00:00,60.15999984741211,,,,,,,,,,,,,
1962-10-30 00:00:00,58.779998779296875,,,,,,,,,,,,,
1962-10-23 00:00:00,57.75,,,,,,,,,,,,,
1962-10-16 00:00:00,54.540000915527344,,,,,,,,,,,,,
1962-10-09 00:00:00,55.59000015258789,,,,,,,,,,,,,
1962-10-02 00:00:00,56.95000076293945,,,,,,,,,,,,,
1962-09-25 00:00:00,57.06999969482422,,,,,,,,,,,,,
1962-09-18 00:00:00,56.27000045776367,,,,,,,,,,,,,
1962-09-11 00:00:00,57.689998626708984,,,,,,,,,,,,,
1962-09-04 00:00:00,58.88999938964844,,,,,,,,,,,,,
1962-08-28 00:00:00,58.380001068115234,,,,,,,,,,,,,
1962-08-21 00:00:00,59.119998931884766,,,,,,,,,,,,,
1962-08-14 00:00:00,59.58000183105469,,,,,,,,,,,,,
1962-08-07 00:00:00,59.0099983215332,,,,,,,,,,,,,
1962-07-31 00:00:00,57.54999923706055,,,,,,,,,,,,,
1962-07-24 00:00:00,58.119998931884766,,,,,,,,,,,,,
1962-07-17 00:00:00,57.20000076293945,,,,,,,,,,,,,
1962-07-10 00:00:00,56.810001373291016,,,,,,,,,,,,,
1962-07-03 00:00:00,57.83000183105469,,,,,,,,,,,,,
1962-06-26 00:00:00,56.16999816894531,,,,,,,,,,,,,
1962-06-19 00:00:00,54.75,,,,,,,,,,,,,
1962-06-12 00:00:00,52.68000030517578,,,,,,,,,,,,,
1962-06-05 00:00:00,55.88999938964844,,,,,,,,,,,,,
1962-05-29 00:00:00,58.45000076293945,,,,,,,,,,,,,
1962-05-22 00:00:00,59.380001068115234,,,,,,,,,,,,,
1962-05-15 00:00:00,59.470001220703125,,,,,,,,,,,,,
1962-05-08 00:00:00,63.81999969482422,,,,,,,,,,,,,
1962-05-01 00:00:00,62.650001525878906,,,,,,,,,,,,,
1962-04-24 00:00:00,66.23999786376953,,,,,,,,,,,,,
1962-04-17 00:00:00,66.30000305175781,,,,,,,,,,,,,
1962-04-10 00:00:00,68.58999633789062,,,,,,,,,,,,,
1962-04-03 00:00:00,67.9000015258789,,,,,,,,,,,,,
1962-03-27 00:00:00,68.83999633789062,,,,,,,,,,,,,
1962-03-20 00:00:00,69.55000305175781,,,,,,,,,,,,,
1962-03-13 00:00:00,70.44999694824219,,,,,,,,,,,,,
1962-03-06 00:00:00,70.94000244140625,,,,,,,,,,,,,
1962-02-27 00:00:00,70.41999816894531,,,,,,,,,,,,,
1962-02-20 00:00:00,70.16000366210938,,,,,,,,,,,,,
1962-02-13 00:00:00,70.16000366210938,,,,,,,,,,,,,
1962-02-06 00:00:00,70.58999633789062,,,,,,,,,,,,,
1962-01-30 00:00:00,70.4800033569336,,,,,,,,,,,,,
1962-01-23 00:00:00,69.80999755859375,,,,,,,,,,,,,
1962-01-16 00:00:00,68.12999725341797,,,,,,,,,,,,,
1962-01-09 00:00:00,68.75,,,,,,,,,,,,,
1962-01-02 00:00:00,69.61000061035156,,,,,,,,,,,,,
1961-12-26 00:00:00,69.66000366210938,,,,,,,,,,,,,
1961-12-19 00:00:00,71.55000305175781,,,,,,,,,,,,,
1961-12-12 00:00:00,70.91000366210938,,,,,,,,,,,,,
1961-12-05 00:00:00,72.01000213623047,,,,,,,,,,,,,
1961-11-28 00:00:00,72.04000091552734,,,,,,,,,,,,,
1961-11-21 00:00:00,71.77999877929688,,,,,,,,,,,,,
1961-11-14 00:00:00,71.83999633789062,,,,,,,,,,,,,
1961-11-07 00:00:00,71.62000274658203,,,,,,,,,,,,,
1961-10-31 00:00:00,71.06999969482422,,,,,,,,,,,,,
1961-10-24 00:00:00,69.47000122070312,,,,,,,,,,,,,
1961-10-17 00:00:00,68.33999633789062,,,,,,,,,,,,,
1961-10-10 00:00:00,68.0,,,,,,,,,,,,,
1961-10-03 00:00:00,68.04000091552734,,,,,,,,,,,,,
1961-09-26 00:00:00,66.97000122070312,,,,,,,,,,,,,
1961-09-19 00:00:00,66.7300033569336,,,,,,,,,,,,,
1961-09-12 00:00:00,66.72000122070312,,,,,,,,,,,,,
1961-09-05 00:00:00,67.6500015258789,,,,,,,,,,,,,
1961-08-29 00:00:00,67.87999725341797,,,,,,,,,,,,,
1961-08-22 00:00:00,68.19000244140625,,,,,,,,,,,,,
1961-08-15 00:00:00,67.66999816894531,,,,,,,,,,,,,
1961-08-08 00:00:00,68.29000091552734,,,,,,,,,,,,,
1961-08-01 00:00:00,68.05999755859375,,,,,,,,,,,,,
1961-07-25 00:00:00,67.68000030517578,,,,,,,,,,,,,
1961-07-18 00:00:00,66.70999908447266,,,,,,,,,,,,,
1961-07-11 00:00:00,64.86000061035156,,,,,,,,,,,,,
1961-07-04 00:00:00,65.27999877929688,,,,,,,,,,,,,
1961-06-27 00:00:00,65.7699966430664,,,,,,,,,,,,,
1961-06-20 00:00:00,64.63999938964844,,,,,,,,,,,,,
1961-06-13 00:00:00,65.16000366210938,,,,,,,,,,,,,
1961-06-06 00:00:00,65.18000030517578,,,,,,,,,,,,,
1961-05-30 00:00:00,66.66000366210938,,,,,,,,,,,,,
1961-05-23 00:00:00,66.7300033569336,,,,,,,,,,,,,
1961-05-16 00:00:00,66.43000030517578,,,,,,,,,,,,,
1961-05-09 00:00:00,67.2699966430664,,,,,,,,,,,,,
1961-05-02 00:00:00,66.5,,,,,,,,,,,,,
1961-04-25 00:00:00,66.5199966430664,,,,,,,,,,,,,
1961-04-18 00:00:00,65.30999755859375,,,,,,,,,,,,,
1961-04-11 00:00:00,65.7699966430664,,,,,,,,,,,,,
1961-04-04 00:00:00,66.37000274658203,,,,,,,,,,,,,
1961-03-28 00:00:00,65.95999908447266,,,,,,,,,,,,,
1961-03-21 00:00:00,65.05999755859375,,,,,,,,,,,,,
1961-03-14 00:00:00,64.41999816894531,,,,,,,,,,,,,
1961-03-07 00:00:00,64.0,,,,,,,,,,,,,
1961-02-28 00:00:00,63.47999954223633,,,,,,,,,,,,,
1961-02-21 00:00:00,63.95000076293945,,,,,,,,,,,,,
1961-02-14 00:00:00,62.84000015258789,,,,,,,,,,,,,
1961-02-07 00:00:00,62.099998474121094,,,,,,,,,,,,,
1961-01-31 00:00:00,61.5,,,,,,,,,,,,,
1961-01-24 00:00:00,62.220001220703125,,,,,,,,,,,,,
1961-01-17 00:00:00,61.2400016784668,,,,,,,,,,,,,
1961-01-10 00:00:00,59.959999084472656,,,,,,,,,,,,,
1961-01-03 00:00:00,59.599998474121094,,,,,,,,,,,,,
1960-12-27 00:00:00,58.400001525878906,,,,,,,,,,,,,
1960-12-20 00:00:00,58.11000061035156,,,,,,,,,,,,,
1960-12-13 00:00:00,57.439998626708984,,,,,,,,,,,,,
1960-12-06 00:00:00,57.20000076293945,,,,,,,,,,,,,
1960-11-29 00:00:00,56.650001525878906,,,,,,,,,,,,,
1960-11-22 00:00:00,55.38999938964844,,,,,,,,,,,,,
1960-11-15 00:00:00,56.130001068115234,,,,,,,,,,,,,
1960-11-08 00:00:00,55.81999969482422,,,,,,,,,,,,,
1960-11-01 00:00:00,55.869998931884766,,,,,,,,,,,,,
1960-10-25 00:00:00,54.900001525878906,,,,,,,,,,,,,
1960-10-18 00:00:00,53.40999984741211,,,,,,,,,,,,,
1960-10-11 00:00:00,53.720001220703125,,,,,,,,,,,,,
1960-10-04 00:00:00,54.86000061035156,,,,,,,,,,,,,
1960-09-27 00:00:00,54.029998779296875,,,,,,,,,,,,,
1960-09-20 00:00:00,53.52000045776367,,,,,,,,,,,,,
1960-09-13 00:00:00,53.900001525878906,,,,,,,,,,,,,
1960-09-06 00:00:00,55.11000061035156,,,,,,,,,,,,,
1960-08-30 00:00:00,56.11000061035156,,,,,,,,,,,,,
1960-08-23 00:00:00,57.0,,,,,,,,,,,,,
1960-08-16 00:00:00,57.599998474121094,,,,,,,,,,,,,
1960-08-09 00:00:00,57.0099983215332,,,,,,,,,,,,,
1960-08-02 00:00:00,56.65999984741211,,,,,,,,,,,,,
1960-07-26 00:00:00,55.439998626708984,,,,,,,,,,,,,
1960-07-19 00:00:00,55.5099983215332,,,,,,,,,,,,,
1960-07-12 00:00:00,54.720001220703125,,,,,,,,,,,,,
1960-07-05 00:00:00,56.04999923706055,,,,,,,,,,,,,
1960-06-28 00:00:00,57.380001068115234,,,,,,,,,,,,,
1960-06-21 00:00:00,57.060001373291016,,,,,,,,,,,,,
1960-06-14 00:00:00,57.68000030517578,,,,,,,,,,,,,
1960-06-07 00:00:00,57.439998626708984,,,,,,,,,,,,,
1960-05-31 00:00:00,57.970001220703125,,,,,,,,,,,,,
1960-05-24 00:00:00,56.22999954223633,,,,,,,,,,,,,
1960-05-17 00:00:00,55.7400016784668,,,,,,,,,,,,,
1960-05-10 00:00:00,55.72999954223633,,,,,,,,,,,,,
1960-05-03 00:00:00,55.29999923706055,,,,,,,,,,,,,
1960-04-26 00:00:00,54.75,,,,,,,,,,,,,
1960-04-19 00:00:00,54.369998931884766,,,,,,,,,,,,,
1960-04-12 00:00:00,55.41999816894531,,,,,,,,,,,,,
1960-04-05 00:00:00,56.43000030517578,,,,,,,,,,,,,
1960-03-29 00:00:00,56.38999938964844,,,,,,,,,,,,,
1960-03-22 00:00:00,55.43000030517578,,,,,,,,,,,,,
1960-03-15 00:00:00,55.97999954223633,,,,,,,,,,,,,
1960-03-08 00:00:00,55.0099983215332,,,,,,,,,,,,,
1960-03-01 00:00:00,54.2400016784668,,,,,,,,,,,,,
1960-02-23 00:00:00,54.56999969482422,,,,,,,,,,,,,
1960-02-16 00:00:00,56.15999984741211,,,,,,,,,,,,,
1960-02-09 00:00:00,56.2400016784668,,,,,,,,,,,,,
1960-02-02 00:00:00,55.459999084472656,,,,,,,,,,,,,
1960-01-26 00:00:00,55.97999954223633,,,,,,,,,,,,,
1960-01-19 00:00:00,55.61000061035156,,,,,,,,,,,,,
1960-01-12 00:00:00,57.380001068115234,,,,,,,,,,,,,
1960-01-05 00:00:00,58.380001068115234,,,,,,,,,,,,,
1959-12-29 00:00:00,59.5,,,,,,,,,,,,,
1959-12-22 00:00:00,59.88999938964844,,,,,,,,,,,,,
1959-12-15 00:00:00,59.0,,,,,,,,,,,,,
1959-12-08 00:00:00,59.13999938964844,,,,,,,,,,,,,
1959-12-01 00:00:00,58.880001068115234,,,,,,,,,,,,,
1959-11-24 00:00:00,58.849998474121094,,,,,,,,,,,,,
1959-11-17 00:00:00,57.70000076293945,,,,,,,,,,,,,
1959-11-10 00:00:00,56.970001220703125,,,,,,,,,,,,,
1959-11-03 00:00:00,56.849998474121094,,,,,,,,,,,,,
1959-10-27 00:00:00,57.599998474121094,,,,,,,,,,,,,
1959-10-20 00:00:00,57.52000045776367,,,,,,,,,,,,,
1959-10-13 00:00:00,56.560001373291016,,,,,,,,,,,,,
1959-10-06 00:00:00,57.33000183105469,,,,,,,,,,,,,
1959-09-29 00:00:00,57.0,,,,,,,,,,,,,
1959-09-22 00:00:00,57.20000076293945,,,,,,,,,,,,,
1959-09-15 00:00:00,56.72999954223633,,,,,,,,,,,,,
1959-09-08 00:00:00,56.189998626708984,,,,,,,,,,,,,
1959-09-01 00:00:00,57.40999984741211,,,,,,,,,,,,,
1959-08-25 00:00:00,58.540000915527344,,,,,,,,,,,,,
1959-08-18 00:00:00,59.599998474121094,,,,,,,,,,,,,
1959-08-11 00:00:00,59.08000183105469,,,,,,,,,,,,,
1959-08-04 00:00:00,59.290000915527344,,,,,,,,,,,,,
1959-07-28 00:00:00,59.869998931884766,,,,,,,,,,,,,
1959-07-21 00:00:00,60.5099983215332,,,,,,,,,,,,,
1959-07-14 00:00:00,59.650001525878906,,,,,,,,,,,,,
1959-07-07 00:00:00,59.189998626708984,,,,,,,,,,,,,
1959-06-30 00:00:00,59.90999984741211,,,,,,,,,,,,,
1959-06-23 00:00:00,59.279998779296875,,,,,,,,,,,,,
1959-06-16 00:00:00,57.97999954223633,,,,,,,,,,,,,
1959-06-09 00:00:00,57.130001068115234,,,,,,,,,,,,,
1959-06-02 00:00:00,57.290000915527344,,,,,,,,,,,,,
1959-05-26 00:00:00,57.5099983215332,,,,,,,,,,,,,
1959-05-19 00:00:00,58.68000030517578,,,,,,,,,,,,,
1959-05-12 00:00:00,58.33000183105469,,,,,,,,,,,,,
1959-05-05 00:00:00,58.15999984741211,,,,,,,,,,,,,
1959-04-28 00:00:00,57.31999969482422,,,,,,,,,,,,,
1959-04-21 00:00:00,57.650001525878906,,,,,,,,,,,,,
1959-04-14 00:00:00,57.959999084472656,,,,,,,,,,,,,
1959-04-07 00:00:00,57.91999816894531,,,,,,,,,,,,,
1959-03-31 00:00:00,56.220001220703125,,,,,,,,,,,,,
1959-03-24 00:00:00,56.439998626708984,,,,,,,,,,,,,
1959-03-17 00:00:00,55.7599983215332,,,,,,,,,,,,,
1959-03-10 00:00:00,56.38999938964844,,,,,,,,,,,,,
1959-03-03 00:00:00,56.66999816894531,,,,,,,,,,,,,
1959-02-24 00:00:00,56.209999084472656,,,,,,,,,,,,,
1959-02-17 00:00:00,55.40999984741211,,,,,,,,,,,,,
1959-02-10 00:00:00,55.52000045776367,,,,,,,,,,,,,
1959-02-03 00:00:00,54.41999816894531,,,,,,,,,,,,,
1959-01-27 00:00:00,54.369998931884766,,,,,,,,,,,,,
1959-01-20 00:00:00,55.45000076293945,,,,,,,,,,,,,
1959-01-13 00:00:00,56.0,,,,,,,,,,,,,
1959-01-06 00:00:00,55.810001373291016,,,,,,,,,,,,,
1958-12-30 00:00:00,55.77000045776367,,,,,,,,,,,,,
1958-12-23 00:00:00,55.439998626708984,,,,,,,,,,,,,
1958-12-16 00:00:00,54.11000061035156,,,,,,,,,,,,,
1958-12-09 00:00:00,54.06999969482422,,,,,,,,,,,,,
1958-12-02 00:00:00,53.220001220703125,,,,,,,,,,,,,
1958-11-25 00:00:00,52.459999084472656,,,,,,,,,,,,,
1958-11-18 00:00:00,52.47999954223633,,,,,,,,,,,,,
1958-11-11 00:00:00,52.70000076293945,,,,,,,,,,,,,
1958-11-04 00:00:00,53.09000015258789,,,,,,,,,,,,,
1958-10-28 00:00:00,52.2599983215332,,,,,,,,,,,,,
1958-10-21 00:00:00,51.33000183105469,,,,,,,,,,,,,
1958-10-14 00:00:00,50.810001373291016,,,,,,,,,,,,,
1958-10-07 00:00:00,51.459999084472656,,,,,,,,,,,,,
1958-09-30 00:00:00,51.38999938964844,,,,,,,,,,,,,
1958-09-23 00:00:00,50.369998931884766,,,,,,,,,,,,,
1958-09-16 00:00:00,49.65999984741211,,,,,,,,,,,,,
1958-09-09 00:00:00,49.400001525878906,,,,,,,,,,,,,
1958-09-02 00:00:00,48.529998779296875,,,,,,,,,,,,,
1958-08-26 00:00:00,47.970001220703125,,,,,,,,,,,,,
1958-08-19 00:00:00,47.75,,,,,,,,,,,,,
1958-08-12 00:00:00,47.72999954223633,,,,,,,,,,,,,
1958-08-05 00:00:00,47.5,,,,,,,,,,,,,
1958-07-29 00:00:00,48.04999923706055,,,,,,,,,,,,,
1958-07-22 00:00:00,47.4900016784668,,,,,,,,,,,,,
1958-07-15 00:00:00,46.970001220703125,,,,,,,,,,,,,
1958-07-08 00:00:00,45.77000045776367,,,,,,,,,,,,,
1958-07-01 00:00:00,45.720001220703125,,,,,,,,,,,,,
1958-06-24 00:00:00,45.470001220703125,,,,,,,,,,,,,
1958-06-17 00:00:00,44.900001525878906,,,,,,,,,,,,,
1958-06-10 00:00:00,44.849998474121094,,,,,,,,,,,,,
1958-06-03 00:00:00,45.02000045776367,,,,,,,,,,,,,
1958-05-27 00:00:00,44.63999938964844,,,,,,,,,,,,,
1958-05-20 00:00:00,44.09000015258789,,,,,,,,,,,,,
1958-05-13 00:00:00,43.869998931884766,,,,,,,,,,,,,
1958-05-06 00:00:00,43.36000061035156,,,,,,,,,,,,,
1958-04-29 00:00:00,44.09000015258789,,,,,,,,,,,,,
1958-04-22 00:00:00,43.689998626708984,,,,,,,,,,,,,
1958-04-15 00:00:00,43.36000061035156,,,,,,,,,,,,,
1958-04-08 00:00:00,42.709999084472656,,,,,,,,,,,,,
1958-04-01 00:00:00,41.7400016784668,,,,,,,,,,,,,
1958-03-25 00:00:00,41.47999954223633,,,,,,,,,,,,,
1958-03-18 00:00:00,42.20000076293945,,,,,,,,,,,,,
1958-03-11 00:00:00,42.41999816894531,,,,,,,,,,,,,
1958-03-04 00:00:00,42.33000183105469,,,,,,,,,,,,,
1958-02-25 00:00:00,42.06999969482422,,,,,,,,,,,,,
1958-02-18 00:00:00,40.84000015258789,,,,,,,,,,,,,
1958-02-11 00:00:00,40.880001068115234,,,,,,,,,,,,,
1958-02-04 00:00:00,41.33000183105469,,,,,,,,,,,,,
1958-01-28 00:00:00,41.72999954223633,,,,,,,,,,,,,
1958-01-21 00:00:00,41.70000076293945,,,,,,,,,,,,,
1958-01-14 00:00:00,41.709999084472656,,,,,,,,,,,,,
1958-01-07 00:00:00,41.099998474121094,,,,,,,,,,,,,
1957-12-31 00:00:00,40.369998931884766,,,,,,,,,,,,,
1957-12-24 00:00:00,40.869998931884766,,,,,,,,,,,,,
1957-12-17 00:00:00,39.779998779296875,,,,,,,,,,,,,
1957-12-10 00:00:00,39.47999954223633,,,,,,,,,,,,,
1957-12-03 00:00:00,40.72999954223633,,,,,,,,,,,,,
1957-11-26 00:00:00,41.310001373291016,,,,,,,,,,,,,
1957-11-19 00:00:00,41.720001220703125,,,,,,,,,,,,,
1957-11-12 00:00:00,40.869998931884766,,,,,,,,,,,,,
1957-11-05 00:00:00,40.369998931884766,,,,,,,,,,,,,
1957-10-29 00:00:00,40.189998626708984,,,,,,,,,,,,,
1957-10-22 00:00:00,40.439998626708984,,,,,,,,,,,,,
1957-10-15 00:00:00,40.59000015258789,,,,,,,,,,,,,
1957-10-08 00:00:00,40.33000183105469,,,,,,,,,,,,,
1957-10-01 00:00:00,40.939998626708984,,,,,,,,,,,,,
1957-09-24 00:00:00,42.790000915527344,,,,,,,,,,,,,
1957-09-17 00:00:00,42.54999923706055,,,,,,,,,,,,,
1957-09-10 00:00:00,43.689998626708984,,,,,,,,,,,,,
1957-09-03 00:00:00,44.79999923706055,,,,,,,,,,,,,
1957-08-27 00:00:00,44.68000030517578,,,,,,,,,,,,,
1957-08-20 00:00:00,45.220001220703125,,,,,,,,,,,,,
1957-08-13 00:00:00,44.5099983215332,,,,,,,,,,,,,
1957-08-06 00:00:00,45.83000183105469,,,,,,,,,,,,,
1957-07-30 00:00:00,46.91999816894531,,,,,,,,,,,,,
1957-07-23 00:00:00,47.68000030517578,,,,,,,,,,,,,
1957-07-16 00:00:00,48.45000076293945,,,,,,,,,,,,,
1957-07-09 00:00:00,48.58000183105469,,,,,,,,,,,,,
1957-07-02 00:00:00,49.08000183105469,,,,,,,,,,,,,
1957-06-25 00:00:00,48.689998626708984,,,,,,,,,,,,,
1957-06-18 00:00:00,47.369998931884766,,,,,,,,,,,,,
1957-06-11 00:00:00,47.150001525878906,,,,,,,,,,,,,
1957-06-04 00:00:00,48.150001525878906,,,,,,,,,,,,,
1957-05-28 00:00:00,47.849998474121094,,,,,,,,,,,,,
1957-05-21 00:00:00,47.43000030517578,,,,,,,,,,,,,
1957-05-14 00:00:00,47.209999084472656,,,,,,,,,,,,,
1957-05-07 00:00:00,47.150001525878906,,,,,,,,,,,,,
1957-04-30 00:00:00,46.59000015258789,,,,,,,,,,,,,
1957-04-23 00:00:00,46.34000015258789,,,,,,,,,,,,,
1957-04-16 00:00:00,45.5,,,,,,,,,,,,,
1957-04-09 00:00:00,45.40999984741211,,,,,,,,,,,,,
1957-04-02 00:00:00,44.97999954223633,,,,,,,,,,,,,
1957-03-26 00:00:00,44.4900016784668,,,,,,,,,,,,,
1957-03-19 00:00:00,44.11000061035156,,,,,,,,,,,,,
1957-03-12 00:00:00,44.060001373291016,,,,,,,,,,,,,
1957-03-05 00:00:00,44.04999923706055,,,,,,,,,,,,,
1957-02-26 00:00:00,44.06999969482422,,,,,,,,,,,,,
1957-02-19 00:00:00,43.7400016784668,,,,,,,,,,,,,
1957-02-12 00:00:00,43.47999954223633,,,,,,,,,,,,,
1957-02-05 00:00:00,43.5099983215332,,,,,,,,,,,,,
1957-01-29 00:00:00,43.31999969482422,,,,,,,,,,,,,
1957-01-22 00:00:00,44.619998931884766,,,,,,,,,,,,,
1957-01-15 00:00:00,44.81999969482422,,,,,,,,,,,,,
1957-01-08 00:00:00,44.63999938964844,,,,,,,,,,,,,
1957-01-01 00:00:00,46.18000030517578,,,,,,,,,,,,,
1956-12-25 00:00:00,46.65999984741211,,,,,,,,,,,,,
1956-12-18 00:00:00,46.560001373291016,,,,,,,,,,,,,
1956-12-11 00:00:00,46.369998931884766,,,,,,,,,,,,,
1956-12-04 00:00:00,46.540000915527344,,,,,,,,,,,,,
1956-11-27 00:00:00,47.040000915527344,,,,,,,,,,,,,
1956-11-20 00:00:00,45.08000183105469,,,,,,,,,,,,,
1956-11-13 00:00:00,45.13999938964844,,,,,,,,,,,,,
1956-11-06 00:00:00,45.7400016784668,,,,,,,,,,,,,
1956-10-30 00:00:00,46.34000015258789,,,,,,,,,,,,,
1956-10-23 00:00:00,46.97999954223633,,,,,,,,,,,,,
1956-10-16 00:00:00,46.27000045776367,,,,,,,,,,,,,
1956-10-09 00:00:00,46.2400016784668,,,,,,,,,,,,,
1956-10-02 00:00:00,47.0,,,,,,,,,,,,,
1956-09-25 00:00:00,46.45000076293945,,,,,,,,,,,,,
1956-09-18 00:00:00,45.349998474121094,,,,,,,,,,,,,
1956-09-11 00:00:00,46.58000183105469,,,,,,,,,,,,,
1956-09-04 00:00:00,47.209999084472656,,,,,,,,,,,,,
1956-08-28 00:00:00,47.810001373291016,,,,,,,,,,,,,
1956-08-21 00:00:00,47.5099983215332,,,,,,,,,,,,,
1956-08-14 00:00:00,47.95000076293945,,,,,,,,,,,,,
1956-08-07 00:00:00,48.81999969482422,,,,,,,,,,,,,
1956-07-31 00:00:00,49.09000015258789,,,,,,,,,,,,,
1956-07-24 00:00:00,49.63999938964844,,,,,,,,,,,,,
1956-07-17 00:00:00,49.08000183105469,,,,,,,,,,,,,
1956-07-10 00:00:00,49.349998474121094,,,,,,,,,,,,,
1956-07-03 00:00:00,48.720001220703125,,,,,,,,,,,,,
1956-06-26 00:00:00,48.040000915527344,,,,,,,,,,,,,
1956-06-19 00:00:00,46.970001220703125,,,,,,,,,,,,,
1956-06-12 00:00:00,46.59000015258789,,,,,,,,,,,,,
1956-06-05 00:00:00,46.369998931884766,,,,,,,,,,,,,
1956-05-29 00:00:00,45.13999938964844,,,,,,,,,,,,,
1956-05-22 00:00:00,45.58000183105469,,,,,,,,,,,,,
1956-05-15 00:00:00,44.619998931884766,,,,,,,,,,,,,
1956-05-08 00:00:00,46.38999938964844,,,,,,,,,,,,,
1956-05-01 00:00:00,47.119998931884766,,,,,,,,,,,,,
1956-04-24 00:00:00,48.5099983215332,,,,,,,,,,,,,
1956-04-17 00:00:00,47.9900016784668,,,,,,,,,,,,,
1956-04-10 00:00:00,47.7599983215332,,,,,,,,,,,,,
1956-04-03 00:00:00,47.95000076293945,,,,,,,,,,,,,
1956-03-27 00:00:00,48.849998474121094,,,,,,,,,,,,,
1956-03-20 00:00:00,48.47999954223633,,,,,,,,,,,,,
1956-03-13 00:00:00,48.83000183105469,,,,,,,,,,,,,
1956-03-06 00:00:00,48.13999938964844,,,,,,,,,,,,,
1956-02-28 00:00:00,46.70000076293945,,,,,,,,,,,,,
1956-02-21 00:00:00,45.810001373291016,,,,,,,,,,,,,
1956-02-14 00:00:00,45.31999969482422,,,,,,,,,,,,,
1956-02-07 00:00:00,44.52000045776367,,,,,,,,,,,,,
1956-01-31 00:00:00,43.63999938964844,,,,,,,,,,,,,
1956-01-24 00:00:00,44.779998779296875,,,,,,,,,,,,,
1956-01-17 00:00:00,43.349998474121094,,,,,,,,,,,,,
1956-01-10 00:00:00,43.220001220703125,,,,,,,,,,,,,
1956-01-03 00:00:00,44.66999816894531,,,,,,,,,,,,,
1955-12-27 00:00:00,45.13999938964844,,,,,,,,,,,,,
1955-12-20 00:00:00,45.47999954223633,,,,,,,,,,,,,
1955-12-13 00:00:00,45.5,,,,,,,,,,,,,
1955-12-06 00:00:00,45.130001068115234,,,,,,,,,,,,,
1955-11-29 00:00:00,45.88999938964844,,,,,,,,,,,,,
1955-11-22 00:00:00,45.439998626708984,,,,,,,,,,,,,
1955-11-15 00:00:00,45.68000030517578,,,,,,,,,,,,,
1955-11-08 00:00:00,45.540000915527344,,,,,,,,,,,,,
1955-11-01 00:00:00,45.2400016784668,,,,,,,,,,,,,
1955-10-25 00:00:00,43.959999084472656,,,,,,,,,,,,,
1955-10-18 00:00:00,42.369998931884766,,,,,,,,,,,,,
1955-10-11 00:00:00,42.59000015258789,,,,,,,,,,,,,
1955-10-04 00:00:00,41.220001220703125,,,,,,,,,,,,,
1955-09-27 00:00:00,42.380001068115234,,,,,,,,,,,,,
1955-09-20 00:00:00,43.66999816894531,,,,,,,,,,,,,
1955-09-13 00:00:00,45.630001068115234,,,,,,,,,,,,,
1955-09-06 00:00:00,45.09000015258789,,,,,,,,,,,,,
1955-08-30 00:00:00,43.88999938964844,,,,,,,,,,,,,
1955-08-23 00:00:00,43.599998474121094,,,,,,,,,,,,,
1955-08-16 00:00:00,42.9900016784668,,,,,,,,,,,,,
1955-08-09 00:00:00,42.02000045776367,,,,,,,,,,,,,
1955-08-02 00:00:00,42.209999084472656,,,,,,,,,,,,,
1955-07-26 00:00:00,42.560001373291016,,,,,,,,,,,,,
1955-07-19 00:00:00,43.52000045776367,,,,,,,,,,,,,
1955-07-12 00:00:00,43.0,,,,,,,,,,,,,
1955-07-05 00:00:00,42.400001525878906,,,,,,,,,,,,,
1955-06-28 00:00:00,42.63999938964844,,,,,,,,,,,,,
1955-06-21 00:00:00,41.189998626708984,,,,,,,,,,,,,
1955-06-14 00:00:00,40.959999084472656,,,,,,,,,,,,,
1955-06-07 00:00:00,40.099998474121094,,,,,,,,,,,,,
1955-05-31 00:00:00,39.25,,,,,,,,,,,,,
1955-05-24 00:00:00,38.369998931884766,,,,,,,,,,,,,
1955-05-17 00:00:00,37.93000030517578,,,,,,,,,,,,,
1955-05-10 00:00:00,37.7400016784668,,,,,,,,,,,,,
1955-05-03 00:00:00,37.439998626708984,,,,,,,,,,,,,
1955-04-26 00:00:00,37.88999938964844,,,,,,,,,,,,,
1955-04-19 00:00:00,37.959999084472656,,,,,,,,,,,,,
1955-04-12 00:00:00,38.0099983215332,,,,,,,,,,,,,
1955-04-05 00:00:00,37.959999084472656,,,,,,,,,,,,,
1955-03-29 00:00:00,37.34000015258789,,,,,,,,,,,,,
1955-03-22 00:00:00,36.95000076293945,,,,,,,,,,,,,
1955-03-15 00:00:00,36.959999084472656,,,,,,,,,,,,,
1955-03-08 00:00:00,36.18000030517578,,,,,,,,,,,,,
1955-03-01 00:00:00,35.81999969482422,,,,,,,,,,,,,
1955-02-22 00:00:00,37.52000045776367,,,,,,,,,,,,,
1955-02-15 00:00:00,36.56999969482422,,,,,,,,,,,,,
1955-02-08 00:00:00,36.88999938964844,,,,,,,,,,,,,
1955-02-01 00:00:00,37.150001525878906,,,,,,,,,,,,,
1955-01-25 00:00:00,36.959999084472656,,,,,,,,,,,,,
1955-01-18 00:00:00,36.189998626708984,,,,,,,,,,,,,
1955-01-11 00:00:00,35.439998626708984,,,,,,,,,,,,,
1955-01-04 00:00:00,35.279998779296875,,,,,,,,,,,,,
1954-12-28 00:00:00,35.33000183105469,,,,,,,,,,,,,
1954-12-21 00:00:00,35.97999954223633,,,,,,,,,,,,,
1954-12-14 00:00:00,35.369998931884766,,,,,,,,,,,,,
1954-12-07 00:00:00,35.91999816894531,,,,,,,,,,,,,
1954-11-30 00:00:00,34.560001373291016,,,,,,,,,,,,,
1954-11-23 00:00:00,34.4900016784668,,,,,,,,,,,,,
1954-11-16 00:00:00,34.54999923706055,,,,,,,,,,,,,
1954-11-09 00:00:00,33.45000076293945,,,,,,,,,,,,,
1954-11-02 00:00:00,33.540000915527344,,,,,,,,,,,,,
1954-10-26 00:00:00,32.709999084472656,,,,,,,,,,,,,
1954-10-19 00:00:00,31.68000030517578,,,,,,,,,,,,,
1954-10-12 00:00:00,32.130001068115234,,,,,,,,,,,,,
1954-10-05 00:00:00,31.709999084472656,,,,,,,,,,,,,
1954-09-28 00:00:00,32.66999816894531,,,,,,,,,,,,,
1954-09-21 00:00:00,32.290000915527344,,,,,,,,,,,,,
1954-09-14 00:00:00,32.400001525878906,,,,,,,,,,,,,
1954-09-07 00:00:00,31.709999084472656,,,,,,,,,,,,,
1954-08-31 00:00:00,30.84000015258789,,,,,,,,,,,,,
1954-08-24 00:00:00,30.5,,,,,,,,,,,,,
1954-08-17 00:00:00,30.65999984741211,,,,,,,,,,,,,
1954-08-10 00:00:00,31.209999084472656,,,,,,,,,,,,,
1954-08-03 00:00:00,30.719999313354492,,,,,,,,,,,,,
1954-07-27 00:00:00,30.3799991607666,,,,,,,,,,,,,
1954-07-20 00:00:00,30.8799991607666,,,,,,,,,,,,,
1954-07-13 00:00:00,30.309999465942383,,,,,,,,,,,,,
1954-07-06 00:00:00,30.059999465942383,,,,,,,,,,,,,
1954-06-29 00:00:00,30.139999389648438,,,,,,,,,,,,,
1954-06-22 00:00:00,29.59000015258789,,,,,,,,,,,,,
1954-06-15 00:00:00,29.200000762939453,,,,,,,,,,,,,
1954-06-08 00:00:00,29.040000915527344,,,,,,,,,,,,,
1954-06-01 00:00:00,28.579999923706055,,,,,,,,,,,,,
1954-05-25 00:00:00,29.100000381469727,,,,,,,,,,,,,
1954-05-18 00:00:00,29.190000534057617,,,,,,,,,,,,,
1954-05-11 00:00:00,28.989999771118164,,,,,,,,,,,,,
1954-05-04 00:00:00,28.799999237060547,,,,,,,,,,,,,
1954-04-27 00:00:00,28.649999618530273,,,,,,,,,,,,,
1954-04-20 00:00:00,28.260000228881836,,,,,,,,,,,,,
1954-04-13 00:00:00,27.780000686645508,,,,,,,,,,,,,
1954-04-06 00:00:00,27.940000534057617,,,,,,,,,,,,,
1954-03-30 00:00:00,27.3799991607666,,,,,,,,,,,,,
1954-03-23 00:00:00,27.209999084472656,,,,,,,,,,,,,
1954-03-16 00:00:00,26.559999465942383,,,,,,,,,,,,,
1954-03-09 00:00:00,26.809999465942383,,,,,,,,,,,,,
1954-03-02 00:00:00,26.690000534057617,,,,,,,,,,,,,
1954-02-23 00:00:00,26.520000457763672,,,,,,,,,,,,,
1954-02-16 00:00:00,26.149999618530273,,,,,,,,,,,,,
1954-02-09 00:00:00,25.920000076293945,,,,,,,,,,,,,
1954-02-02 00:00:00,26.1200008392334,,,,,,,,,,,,,
1954-01-26 00:00:00,26.299999237060547,,,,,,,,,,,,,
1954-01-19 00:00:00,26.079999923706055,,,,,,,,,,,,,
1954-01-12 00:00:00,25.850000381469727,,,,,,,,,,,,,
1954-01-05 00:00:00,25.43000030517578,,,,,,,,,,,,,
1953-12-29 00:00:00,24.93000030517578,,,,,,,,,,,,,
1953-12-22 00:00:00,24.809999465942383,,,,,,,,,,,,,
1953-12-15 00:00:00,24.799999237060547,,,,,,,,,,,,,
1953-12-08 00:00:00,24.989999771118164,,,,,,,,,,,,,
1953-12-01 00:00:00,24.760000228881836,,,,,,,,,,,,,
1953-11-24 00:00:00,24.979999542236328,,,,,,,,,,,,,
1953-11-17 00:00:00,24.65999984741211,,,,,,,,,,,,,
1953-11-10 00:00:00,24.440000534057617,,,,,,,,,,,,,
1953-11-03 00:00:00,24.540000915527344,,,,,,,,,,,,,
1953-10-27 00:00:00,24.610000610351562,,,,,,,,,,,,,
1953-10-20 00:00:00,24.540000915527344,,,,,,,,,,,,,
1953-10-13 00:00:00,24.350000381469727,,,,,,,,,,,,,
1953-10-06 00:00:00,24.139999389648438,,,,,,,,,,,,,
1953-09-29 00:00:00,23.65999984741211,,,,,,,,,,,,,
1953-09-22 00:00:00,23.59000015258789,,,,,,,,,,,,,
1953-09-15 00:00:00,23.299999237060547,,,,,,,,,,,,,
1953-09-08 00:00:00,22.950000762939453,,,,,,,,,,,,,
1953-09-01 00:00:00,23.139999389648438,,,,,,,,,,,,,
1953-08-25 00:00:00,23.56999969482422,,,,,,,,,,,,,
1953-08-18 00:00:00,23.739999771118164,,,,,,,,,,,,,
1953-08-11 00:00:00,24.350000381469727,,,,,,,,,,,,,
1953-08-04 00:00:00,24.6200008392334,,,,,,,,,,,,,
1953-07-28 00:00:00,24.780000686645508,,,,,,,,,,,,,
1953-07-21 00:00:00,24.75,,,,,,,,,,,,,
1953-07-14 00:00:00,24.229999542236328,,,,,,,,,,,,,
1953-07-07 00:00:00,24.350000381469727,,,,,,,,,,,,,
1953-06-30 00:00:00,24.40999984741211,,,,,,,,,,,,,
1953-06-23 00:00:00,24.360000610351562,,,,,,,,,,,,,
1953-06-16 00:00:00,24.209999084472656,,,,,,,,,,,,,
1953-06-09 00:00:00,23.84000015258789,,,,,,,,,,,,,
1953-06-02 00:00:00,23.81999969482422,,,,,,,,,,,,,
1953-05-26 00:00:00,24.09000015258789,,,,,,,,,,,,,
1953-05-19 00:00:00,24.540000915527344,,,,,,,,,,,,,
1953-05-12 00:00:00,25.030000686645508,,,,,,,,,,,,,
1953-05-05 00:00:00,24.84000015258789,,,,,,,,,,,,,
1953-04-28 00:00:00,24.899999618530273,,,,,,,,,,,,,
1953-04-21 00:00:00,24.729999542236328,,,,,,,,,,,,,
1953-04-14 00:00:00,24.200000762939453,,,,,,,,,,,,,
1953-04-07 00:00:00,24.6200008392334,,,,,,,,,,,,,
1953-03-31 00:00:00,24.81999969482422,,,,,,,,,,,,,
1953-03-24 00:00:00,25.229999542236328,,,,,,,,,,,,,
1953-03-17 00:00:00,25.989999771118164,,,,,,,,,,,,,
1953-03-10 00:00:00,26.18000030517578,,,,,,,,,,,,,
1953-03-03 00:00:00,26.18000030517578,,,,,,,,,,,,,
1953-02-24 00:00:00,25.84000015258789,,,,,,,,,,,,,
1953-02-17 00:00:00,25.899999618530273,,,,,,,,,,,,,
1953-02-10 00:00:00,25.6299991607666,,,,,,,,,,,,,
1953-02-03 00:00:00,25.739999771118164,,,,,,,,,,,,,
1953-01-27 00:00:00,26.510000228881836,,,,,,,,,,,,,
1953-01-20 00:00:00,26.3799991607666,,,,,,,,,,,,,
1953-01-13 00:00:00,26.06999969482422,,,,,,,,,,,,,
1953-01-06 00:00:00,26.020000457763672,,,,,,,,,,,,,
1952-12-30 00:00:00,26.079999923706055,,,,,,,,,,,,,
1952-12-23 00:00:00,26.540000915527344,,,,,,,,,,,,,
1952-12-16 00:00:00,26.25,,,,,,,,,,,,,
1952-12-09 00:00:00,26.149999618530273,,,,,,,,,,,,,
1952-12-02 00:00:00,26.040000915527344,,,,,,,,,,,,,
1952-11-25 00:00:00,25.6200008392334,,,,,,,,,,,,,
1952-11-18 00:00:00,25.65999984741211,,,,,,,,,,,,,
1952-11-11 00:00:00,25.270000457763672,,,,,,,,,,,,,
1952-11-04 00:00:00,24.75,,,,,,,,,,,,,
1952-10-28 00:00:00,24.780000686645508,,,,,,,,,,,,,
1952-10-21 00:00:00,24.520000457763672,,,,,,,,,,,,,
1952-10-14 00:00:00,24.030000686645508,,,,,,,,,,,,,
1952-10-07 00:00:00,24.200000762939453,,,,,,,,,,,,,
1952-09-30 00:00:00,24.549999237060547,,,,,,,,,,,,,
1952-09-23 00:00:00,24.5,,,,,,,,,,,,,
1952-09-16 00:00:00,24.729999542236328,,,,,,,,,,,,,
1952-09-09 00:00:00,24.56999969482422,,,,,,,,,,,,,
1952-09-02 00:00:00,24.709999084472656,,,,,,,,,,,,,
1952-08-26 00:00:00,25.209999084472656,,,,,,,,,,,,,
1952-08-19 00:00:00,25.030000686645508,,,,,,,,,,,,,
1952-08-12 00:00:00,24.989999771118164,,,,,,,,,,,,,
1952-08-05 00:00:00,25.200000762939453,,,,,,,,,,,,,
1952-07-29 00:00:00,25.549999237060547,,,,,,,,,,,,,
1952-07-22 00:00:00,25.450000762939453,,,,,,,,,,,,,
1952-07-15 00:00:00,25.15999984741211,,,,,,,,,,,,,
1952-07-08 00:00:00,24.850000381469727,,,,,,,,,,,,,
1952-07-01 00:00:00,24.979999542236328,,,,,,,,,,,,,
1952-06-24 00:00:00,25.049999237060547,,,,,,,,,,,,,
1952-06-17 00:00:00,24.829999923706055,,,,,,,,,,,,,
1952-06-10 00:00:00,24.59000015258789,,,,,,,,,,,,,
1952-06-03 00:00:00,24.3700008392334,,,,,,,,,,,,,
1952-05-27 00:00:00,24.260000228881836,,,,,,,,,,,,,
1952-05-20 00:00:00,23.860000610351562,,,,,,,,,,,,,
1952-05-13 00:00:00,23.889999389648438,,,,,,,,,,,,,
1952-05-06 00:00:00,23.559999465942383,,,,,,,,,,,,,
1952-04-29 00:00:00,23.799999237060547,,,,,,,,,,,,,
1952-04-22 00:00:00,23.59000015258789,,,,,,,,,,,,,
1952-04-15 00:00:00,23.579999923706055,,,,,,,,,,,,,
1952-04-08 00:00:00,23.510000228881836,,,,,,,,,,,,,
1952-04-01 00:00:00,24.149999618530273,,,,,,,,,,,,,
1952-03-25 00:00:00,24.0,,,,,,,,,,,,,
1952-03-18 00:00:00,24.34000015258789,,,,,,,,,,,,,
1952-03-11 00:00:00,23.940000534057617,,,,,,,,,,,,,
1952-03-04 00:00:00,23.829999923706055,,,,,,,,,,,,,
1952-02-26 00:00:00,23.770000457763672,,,,,,,,,,,,,
1952-02-19 00:00:00,23.280000686645508,,,,,,,,,,,,,
1952-02-12 00:00:00,23.360000610351562,,,,,,,,,,,,,
1952-02-05 00:00:00,23.84000015258789,,,,,,,,,,,,,
1952-01-29 00:00:00,24.25,,,,,,,,,,,,,
1952-01-22 00:00:00,24.40999984741211,,,,,,,,,,,,,
1952-01-15 00:00:00,24.59000015258789,,,,,,,,,,,,,
1952-01-08 00:00:00,24.329999923706055,,,,,,,,,,,,,
1952-01-01 00:00:00,24.059999465942383,,,,,,,,,,,,,
1951-12-25 00:00:00,23.940000534057617,,,,,,,,,,,,,
1951-12-18 00:00:00,23.690000534057617,,,,,,,,,,,,,
1951-12-11 00:00:00,23.530000686645508,,,,,,,,,,,,,
1951-12-04 00:00:00,23.360000610351562,,,,,,,,,,,,,
1951-11-27 00:00:00,23.40999984741211,,,,,,,,,,,,,
1951-11-20 00:00:00,22.940000534057617,,,,,,,,,,,,,
1951-11-13 00:00:00,22.299999237060547,,,,,,,,,,,,,
1951-11-06 00:00:00,22.84000015258789,,,,,,,,,,,,,
1951-10-30 00:00:00,22.889999389648438,,,,,,,,,,,,,
1951-10-23 00:00:00,22.739999771118164,,,,,,,,,,,,,
1951-10-16 00:00:00,22.450000762939453,,,,,,,,,,,,,
1951-10-09 00:00:00,23.1299991607666,,,,,,,,,,,,,
1951-10-02 00:00:00,23.799999237060547,,,,,,,,,,,,,
1951-09-25 00:00:00,23.770000457763672,,,,,,,,,,,,,
1951-09-18 00:00:00,23.260000228881836,,,,,,,,,,,,,
1951-09-11 00:00:00,23.399999618530273,,,,,,,,,,,,,
1951-09-04 00:00:00,23.690000534057617,,,,,,,,,,,,,
1951-08-28 00:00:00,23.530000686645508,,,,,,,,,,,,,
1951-08-21 00:00:00,23.280000686645508,,,,,,,,,,,,,
1951-08-14 00:00:00,22.8799991607666,,,,,,,,,,,,,
1951-08-07 00:00:00,22.940000534057617,,,,,,,,,,,,,
1951-07-31 00:00:00,22.790000915527344,,,,,,,,,,,,,
1951-07-24 00:00:00,22.850000381469727,,,,,,,,,,,,,
1951-07-17 00:00:00,22.530000686645508,,,,,,,,,,,,,
1951-07-10 00:00:00,21.8799991607666,,,,,,,,,,,,,
1951-07-03 00:00:00,21.979999542236328,,,,,,,,,,,,,
1951-06-26 00:00:00,21.639999389648438,,,,,,,,,,,,,
1951-06-19 00:00:00,20.959999084472656,,,,,,,,,,,,,
1951-06-12 00:00:00,21.549999237060547,,,,,,,,,,,,,
1951-06-05 00:00:00,22.040000915527344,,,,,,,,,,,,,
1951-05-29 00:00:00,21.489999771118164,,,,,,,,,,,,,
1951-05-22 00:00:00,21.479999542236328,,,,,,,,,,,,,
1951-05-15 00:00:00,21.079999923706055,,,,,,,,,,,,,
1951-05-08 00:00:00,21.549999237060547,,,,,,,,,,,,,
1951-05-01 00:00:00,22.219999313354492,,,,,,,,,,,,,
1951-04-24 00:00:00,22.690000534057617,,,,,,,,,,,,,
1951-04-17 00:00:00,22.43000030517578,,,,,,,,,,,,,
1951-04-10 00:00:00,22.049999237060547,,,,,,,,,,,,,
1951-04-03 00:00:00,22.200000762939453,,,,,,,,,,,,,
1951-03-27 00:00:00,21.68000030517578,,,,,,,,,,,,,
1951-03-20 00:00:00,21.399999618530273,,,,,,,,,,,,,
1951-03-13 00:00:00,21.469999313354492,,,,,,,,,,,,,
1951-03-06 00:00:00,21.670000076293945,,,,,,,,,,,,,
1951-02-27 00:00:00,21.90999984741211,,,,,,,,,,,,,
1951-02-20 00:00:00,21.940000534057617,,,,,,,,,,,,,
1951-02-13 00:00:00,21.959999084472656,,,,,,,,,,,,,
1951-02-06 00:00:00,22.149999618530273,,,,,,,,,,,,,
1951-01-30 00:00:00,22.209999084472656,,,,,,,,,,,,,
1951-01-23 00:00:00,22.079999923706055,,,,,,,,,,,,,
1951-01-16 00:00:00,21.530000686645508,,,,,,,,,,,,,
1951-01-09 00:00:00,21.40999984741211,,,,,,,,,,,,,
1951-01-02 00:00:00,21.100000381469727,,,,,,,,,,,,,
1950-12-26 00:00:00,20.8799991607666,,,,,,,,,,,,,
1950-12-19 00:00:00,20.40999984741211,,,,,,,,,,,,,
1950-12-12 00:00:00,20.06999969482422,,,,,,,,,,,,,
1950-12-05 00:00:00,19.639999389648438,,,,,,,,,,,,,
1950-11-28 00:00:00,19.5,,,,,,,,,,,,,
1950-11-21 00:00:00,19.540000915527344,,,,,,,,,,,,,
1950-11-14 00:00:00,20.280000686645508,,,,,,,,,,,,,
1950-11-07 00:00:00,19.950000762939453,,,,,,,,,,,,,
1950-10-31 00:00:00,19.940000534057617,,,,,,,,,,,,,
1950-10-24 00:00:00,19.780000686645508,,,,,,,,,,,,,
1950-10-17 00:00:00,19.790000915527344,,,,,,,,,,,,,
1950-10-10 00:00:00,20.010000228881836,,,,,,,,,,,,,
1950-10-03 00:00:00,19.709999084472656,,,,,,,,,,,,,
1950-09-26 00:00:00,20.15999984741211,,,,,,,,,,,,,
1950-09-19 00:00:00,19.450000762939453,,,,,,,,,,,,,
1950-09-12 00:00:00,19.440000534057617,,,,,,,,,,,,,
1950-09-05 00:00:00,19.290000915527344,,,,,,,,,,,,,
1950-08-29 00:00:00,18.75,,,,,,,,,,,,,
1950-08-22 00:00:00,18.549999237060547,,,,,,,,,,,,,
1950-08-15 00:00:00,18.540000915527344,,,,,,,,,,,,,
1950-08-08 00:00:00,18.68000030517578,,,,,,,,,,,,,
1950-08-01 00:00:00,18.280000686645508,,,,,,,,,,,,,
1950-07-25 00:00:00,18.139999389648438,,,,,,,,,,,,,
1950-07-18 00:00:00,17.690000534057617,,,,,,,,,,,,,
1950-07-11 00:00:00,17.59000015258789,,,,,,,,,,,,,
1950-07-04 00:00:00,16.8700008392334,,,,,,,,,,,,,
1950-06-27 00:00:00,17.670000076293945,,,,,,,,,,,,,
1950-06-20 00:00:00,17.690000534057617,,,,,,,,,,,,,
1950-06-13 00:00:00,19.139999389648438,,,,,,,,,,,,,
1950-06-06 00:00:00,18.969999313354492,,,,,,,,,,,,,
1950-05-30 00:00:00,19.260000228881836,,,,,,,,,,,,,
1950-05-23 00:00:00,18.790000915527344,,,,,,,,,,,,,
1950-05-16 00:00:00,18.649999618530273,,,,,,,,,,,,,
1950-05-09 00:00:00,18.709999084472656,,,,,,,,,,,,,
1950-05-02 00:00:00,18.200000762939453,,,,,,,,,,,,,
1950-04-25 00:00:00,18.329999923706055,,,,,,,,,,,,,
1950-04-18 00:00:00,18.06999969482422,,,,,,,,,,,,,
1950-04-11 00:00:00,17.950000762939453,,,,,,,,,,,,,
1950-04-04 00:00:00,17.860000610351562,,,,,,,,,,,,,
1950-03-28 00:00:00,17.81999969482422,,,,,,,,,,,,,
1950-03-21 00:00:00,17.34000015258789,,,,,,,,,,,,,
1950-03-14 00:00:00,17.610000610351562,,,,,,,,,,,,,
1950-03-07 00:00:00,17.489999771118164,,,,,,,,,,,,,
1950-02-28 00:00:00,17.139999389648438,,,,,,,,,,,,,
1950-02-21 00:00:00,17.329999923706055,,,,,,,,,,,,,
1950-02-14 00:00:00,17.260000228881836,,,,,,,,,,,,,
1950-02-07 00:00:00,17.229999542236328,,,,,,,,,,,,,
1950-01-31 00:00:00,17.209999084472656,,,,,,,,,,,,,
1950-01-24 00:00:00,17.350000381469727,,,,,,,,,,,,,
1950-01-17 00:00:00,16.899999618530273,,,,,,,,,,,,,
1950-01-10 00:00:00,16.940000534057617,,,,,,,,,,,,,
1950-01-03 00:00:00,16.649999618530273,,,,,,,,,,,,,
1949-12-27 00:00:00,17.09000015258789,,,,,,,,,,,,,
1949-12-20 00:00:00,16.790000915527344,,,,,,,,,,,,,
1949-12-13 00:00:00,16.639999389648438,,,,,,,,,,,,,
1949-12-06 00:00:00,16.65999984741211,,,,,,,,,,,,,
1949-11-29 00:00:00,16.420000076293945,,,,,,,,,,,,,
1949-11-22 00:00:00,16.280000686645508,,,,,,,,,,,,,
1949-11-15 00:00:00,16.100000381469727,,,,,,,,,,,,,
1949-11-08 00:00:00,16.139999389648438,,,,,,,,,,,,,
1949-11-01 00:00:00,16.139999389648438,,,,,,,,,,,,,
1949-10-25 00:00:00,16.209999084472656,,,,,,,,,,,,,
1949-10-18 00:00:00,16.079999923706055,,,,,,,,,,,,,
1949-10-11 00:00:00,15.850000381469727,,,,,,,,,,,,,
1949-10-04 00:00:00,15.90999984741211,,,,,,,,,,,,,
1949-09-27 00:00:00,15.850000381469727,,,,,,,,,,,,,
1949-09-20 00:00:00,15.579999923706055,,,,,,,,,,,,,
1949-09-13 00:00:00,15.569999694824219,,,,,,,,,,,,,
1949-09-06 00:00:00,15.65999984741211,,,,,,,,,,,,,
1949-08-30 00:00:00,15.399999618530273,,,,,,,,,,,,,
1949-08-23 00:00:00,15.289999961853027,,,,,,,,,,,,,
1949-08-16 00:00:00,15.279999732971191,,,,,,,,,,,,,
1949-08-09 00:00:00,15.40999984741211,,,,,,,,,,,,,
1949-08-02 00:00:00,15.319999694824219,,,,,,,,,,,,,
1949-07-26 00:00:00,15.350000381469727,,,,,,,,,,,,,
1949-07-19 00:00:00,15.039999961853027,,,,,,,,,,,,,
1949-07-12 00:00:00,14.890000343322754,,,,,,,,,,,,,
1949-07-05 00:00:00,14.760000228881836,,,,,,,,,,,,,
1949-06-28 00:00:00,14.510000228881836,,,,,,,,,,,,,
1949-06-21 00:00:00,14.260000228881836,,,,,,,,,,,,,
1949-06-14 00:00:00,14.130000114440918,,,,,,,,,,,,,
1949-06-07 00:00:00,13.869999885559082,,,,,,,,,,,,,
1949-05-31 00:00:00,13.8100004196167,,,,,,,,,,,,,
1949-05-24 00:00:00,14.050000190734863,,,,,,,,,,,,,
1949-05-17 00:00:00,14.510000228881836,,,,,,,,,,,,,
1949-05-10 00:00:00,14.729999542236328,,,,,,,,,,,,,
1949-05-03 00:00:00,14.880000114440918,,,,,,,,,,,,,
1949-04-26 00:00:00,14.920000076293945,,,,,,,,,,,,,
1949-04-19 00:00:00,14.710000038146973,,,,,,,,,,,,,
1949-04-12 00:00:00,14.699999809265137,,,,,,,,,,,,,
1949-04-05 00:00:00,14.989999771118164,,,,,,,,,,,,,
1949-03-29 00:00:00,14.970000267028809,,,,,,,,,,,,,
1949-03-22 00:00:00,14.9399995803833,,,,,,,,,,,,,
1949-03-15 00:00:00,14.890000343322754,,,,,,,,,,,,,
1949-03-08 00:00:00,14.9399995803833,,,,,,,,,,,,,
1949-03-01 00:00:00,15.020000457763672,,,,,,,,,,,,,
1949-02-22 00:00:00,14.670000076293945,,,,,,,,,,,,,
1949-02-15 00:00:00,14.380000114440918,,,,,,,,,,,,,
1949-02-08 00:00:00,14.789999961853027,,,,,,,,,,,,,
1949-02-01 00:00:00,14.5600004196167,,,,,,,,,,,,,
1949-01-25 00:00:00,15.09000015258789,,,,,,,,,,,,,
1949-01-18 00:00:00,15.199999809265137,,,,,,,,,,,,,
1949-01-11 00:00:00,15.470000267028809,,,,,,,,,,,,,
1949-01-04 00:00:00,15.239999771118164,,,,,,,,,,,,,
1948-12-28 00:00:00,15.609999656677246,,,,,,,,,,,,,
1948-12-21 00:00:00,15.199999809265137,,,,,,,,,,,,,
1948-12-14 00:00:00,15.25,,,,,,,,,,,,,
1948-12-07 00:00:00,15.199999809265137,,,,,,,,,,,,,
1948-11-30 00:00:00,15.220000267028809,,,,,,,,,,,,,
1948-11-23 00:00:00,15.130000114440918,,,,,,,,,,,,,
1948-11-16 00:00:00,14.90999984741211,,,,,,,,,,,,,
1948-11-09 00:00:00,15.3100004196167,,,,,,,,,,,,,
1948-11-02 00:00:00,15.039999961853027,,,,,,,,,,,,,
1948-10-26 00:00:00,15.430000305175781,,,,,,,,,,,,,
1948-10-19 00:00:00,16.5,,,,,,,,,,,,,
1948-10-12 00:00:00,16.610000610351562,,,,,,,,,,,,,
1948-10-05 00:00:00,16.1200008392334,,,,,,,,,,,,,
1948-09-28 00:00:00,15.899999618530273,,,,,,,,,,,,,
1948-09-21 00:00:00,15.670000076293945,,,,,,,,,,,,,
1948-09-14 00:00:00,15.600000381469727,,,,,,,,,,,,,
1948-09-07 00:00:00,15.729999542236328,,,,,,,,,,,,,
1948-08-31 00:00:00,15.829999923706055,,,,,,,,,,,,,
1948-08-24 00:00:00,16.270000457763672,,,,,,,,,,,,,
1948-08-17 00:00:00,16.110000610351562,,,,,,,,,,,,,
1948-08-10 00:00:00,16.149999618530273,,,,,,,,,,,,,
1948-08-03 00:00:00,15.699999809265137,,,,,,,,,,,,,
1948-07-27 00:00:00,16.1200008392334,,,,,,,,,,,,,
1948-07-20 00:00:00,15.850000381469727,,,,,,,,,,,,,
1948-07-13 00:00:00,16.270000457763672,,,,,,,,,,,,,
1948-07-06 00:00:00,16.25,,,,,,,,,,,,,
1948-06-29 00:00:00,16.920000076293945,,,,,,,,,,,,,
1948-06-22 00:00:00,16.850000381469727,,,,,,,,,,,,,
1948-06-15 00:00:00,16.829999923706055,,,,,,,,,,,,,
1948-06-08 00:00:00,16.959999084472656,,,,,,,,,,,,,
1948-06-01 00:00:00,16.950000762939453,,,,,,,,,,,,,
1948-05-25 00:00:00,16.59000015258789,,,,,,,,,,,,,
1948-05-18 00:00:00,16.690000534057617,,,,,,,,,,,,,
1948-05-11 00:00:00,16.5,,,,,,,,,,,,,
1948-05-04 00:00:00,16.389999389648438,,,,,,,,,,,,,
1948-04-27 00:00:00,15.720000267028809,,,,,,,,,,,,,
1948-04-20 00:00:00,15.479999542236328,,,,,,,,,,,,,
1948-04-13 00:00:00,15.779999732971191,,,,,,,,,,,,,
1948-04-06 00:00:00,15.430000305175781,,,,,,,,,,,,,
1948-03-30 00:00:00,15.289999961853027,,,,,,,,,,,,,
1948-03-23 00:00:00,15.149999618530273,,,,,,,,,,,,,
1948-03-16 00:00:00,14.75,,,,,,,,,,,,,
1948-03-09 00:00:00,14.319999694824219,,,,,,,,,,,,,
1948-03-02 00:00:00,13.989999771118164,,,,,,,,,,,,,
1948-02-24 00:00:00,14.109999656677246,,,,,,,,,,,,,
1948-02-17 00:00:00,13.930000305175781,,,,,,,,,,,,,
1948-02-10 00:00:00,13.960000038146973,,,,,,,,,,,,,
1948-02-03 00:00:00,13.850000381469727,,,,,,,,,,,,,
1948-01-27 00:00:00,14.1899995803833,,,,,,,,,,,,,
1948-01-20 00:00:00,14.680000305175781,,,,,,,,,,,,,
1948-01-13 00:00:00,14.350000381469727,,,,,,,,,,,,,
1948-01-06 00:00:00,14.869999885559082,,,,,,,,,,,,,
1947-12-30 00:00:00,15.229999542236328,,,,,,,,,,,,,
1947-12-23 00:00:00,15.34000015258789,,,,,,,,,,,,,
1947-12-16 00:00:00,15.119999885559082,,,,,,,,,,,,,
1947-12-09 00:00:00,15.119999885559082,,,,,,,,,,,,,
1947-12-02 00:00:00,14.9399995803833,,,,,,,,,,,,,
1947-11-25 00:00:00,14.630000114440918,,,,,,,,,,,,,
1947-11-18 00:00:00,14.979999542236328,,,,,,,,,,,,,
1947-11-11 00:00:00,15.329999923706055,,,,,,,,,,,,,
1947-11-04 00:00:00,15.1899995803833,,,,,,,,,,,,,
1947-10-28 00:00:00,15.3100004196167,,,,,,,,,,,,,
1947-10-21 00:00:00,15.430000305175781,,,,,,,,,,,,,
1947-10-14 00:00:00,15.5,,,,,,,,,,,,,
1947-10-07 00:00:00,15.579999923706055,,,,,,,,,,,,,
1947-09-30 00:00:00,15.289999961853027,,,,,,,,,,,,,
1947-09-23 00:00:00,15.239999771118164,,,,,,,,,,,,,
1947-09-16 00:00:00,14.850000381469727,,,,,,,,,,,,,
1947-09-09 00:00:00,15.199999809265137,,,,,,,,,,,,,
1947-09-02 00:00:00,14.989999771118164,,,,,,,,,,,,,
1947-08-26 00:00:00,15.100000381469727,,,,,,,,,,,,,
1947-08-19 00:00:00,15.319999694824219,,,,,,,,,,,,,
1947-08-12 00:00:00,15.449999809265137,,,,,,,,,,,,,
1947-08-05 00:00:00,15.579999923706055,,,,,,,,,,,,,
1947-07-29 00:00:00,15.430000305175781,,,,,,,,,,,,,
1947-07-22 00:00:00,15.800000190734863,,,,,,,,,,,,,
1947-07-15 00:00:00,16.079999923706055,,,,,,,,,,,,,
1947-07-08 00:00:00,15.850000381469727,,,,,,,,,,,,,
1947-07-01 00:00:00,15.869999885559082,,,,,,,,,,,,,
1947-06-24 00:00:00,15.600000381469727,,,,,,,,,,,,,
1947-06-17 00:00:00,15.119999885559082,,,,,,,,,,,,,
1947-06-10 00:00:00,15.15999984741211,,,,,,,,,,,,,
1947-06-03 00:00:00,14.979999542236328,,,,,,,,,,,,,
1947-05-27 00:00:00,14.5,,,,,,,,,,,,,
1947-05-20 00:00:00,14.449999809265137,,,,,,,,,,,,,
1947-05-13 00:00:00,14.0,,,,,,,,,,,,,
1947-05-06 00:00:00,13.960000038146973,,,,,,,,,,,,,
1947-04-29 00:00:00,14.630000114440918,,,,,,,,,,,,,
1947-04-22 00:00:00,14.789999961853027,,,,,,,,,,,,,
1947-04-15 00:00:00,14.390000343322754,,,,,,,,,,,,,
1947-04-08 00:00:00,14.09000015258789,,,,,,,,,,,,,
1947-04-01 00:00:00,14.720000267028809,,,,,,,,,,,,,
1947-03-25 00:00:00,15.180000305175781,,,,,,,,,,,,,
1947-03-18 00:00:00,15.329999923706055,,,,,,,,,,,,,
1947-03-11 00:00:00,15.25,,,,,,,,,,,,,
1947-03-04 00:00:00,14.779999732971191,,,,,,,,,,,,,
1947-02-25 00:00:00,15.15999984741211,,,,,,,,,,,,,
1947-02-18 00:00:00,15.430000305175781,,,,,,,,,,,,,
1947-02-11 00:00:00,15.800000190734863,,,,,,,,,,,,,
1947-02-04 00:00:00,15.859999656677246,,,,,,,,,,,,,
1947-01-28 00:00:00,16.1200008392334,,,,,,,,,,,,,
1947-01-21 00:00:00,15.65999984741211,,,,,,,,,,,,,
1947-01-14 00:00:00,15.210000038146973,,,,,,,,,,,,,
1947-01-07 00:00:00,15.069999694824219,,,,,,,,,,,,,
1946-12-31 00:00:00,15.239999771118164,,,,,,,,,,,,,
1946-12-24 00:00:00,15.260000228881836,,,,,,,,,,,,,
1946-12-17 00:00:00,15.1899995803833,,,,,,,,,,,,,
1946-12-10 00:00:00,15.5,,,,,,,,,,,,,
1946-12-03 00:00:00,15.170000076293945,,,,,,,,,,,,,
1946-11-26 00:00:00,14.699999809265137,,,,,,,,,,,,,
1946-11-19 00:00:00,14.680000305175781,,,,,,,,,,,,,
1946-11-12 00:00:00,14.130000114440918,,,,,,,,,,,,,
1946-11-05 00:00:00,14.729999542236328,,,,,,,,,,,,,
1946-10-29 00:00:00,14.850000381469727,,,,,,,,,,,,,
1946-10-22 00:00:00,15.069999694824219,,,,,,,,,,,,,
1946-10-15 00:00:00,14.699999809265137,,,,,,,,,,,,,
1946-10-08 00:00:00,14.970000267028809,,,,,,,,,,,,,
1946-10-01 00:00:00,14.630000114440918,,,,,,,,,,,,,
1946-09-24 00:00:00,14.8100004196167,,,,,,,,,,,,,
1946-09-17 00:00:00,15.109999656677246,,,,,,,,,,,,,
1946-09-10 00:00:00,14.6899995803833,,,,,,,,,,,,,
1946-09-03 00:00:00,15.3100004196167,,,,,,,,,,,,,
1946-08-27 00:00:00,15.84000015258789,,,,,,,,,,,,,
1946-08-20 00:00:00,16.649999618530273,,,,,,,,,,,,,
1946-08-13 00:00:00,17.579999923706055,,,,,,,,,,,,,
1946-08-06 00:00:00,17.84000015258789,,,,,,,,,,,,,
1946-07-30 00:00:00,18.049999237060547,,,,,,,,,,,,,
1946-07-23 00:00:00,18.020000457763672,,,,,,,,,,,,,
1946-07-16 00:00:00,17.600000381469727,,,,,,,,,,,,,
1946-07-09 00:00:00,17.979999542236328,,,,,,,,,,,,,
1946-07-02 00:00:00,18.270000457763672,,,,,,,,,,,,,
1946-06-25 00:00:00,18.43000030517578,,,,,,,,,,,,,
1946-06-18 00:00:00,18.43000030517578,,,,,,,,,,,,,
1946-06-11 00:00:00,18.229999542236328,,,,,,,,,,,,,
1946-06-04 00:00:00,18.790000915527344,,,,,,,,,,,,,
1946-05-28 00:00:00,18.81999969482422,,,,,,,,,,,,,
1946-05-21 00:00:00,19.18000030517578,,,,,,,,,,,,,
1946-05-14 00:00:00,18.780000686645508,,,,,,,,,,,,,
1946-05-07 00:00:00,18.600000381469727,,,,,,,,,,,,,
1946-04-30 00:00:00,18.739999771118164,,,,,,,,,,,,,
1946-04-23 00:00:00,18.459999084472656,,,,,,,,,,,,,
1946-04-16 00:00:00,18.579999923706055,,,,,,,,,,,,,
1946-04-09 00:00:00,18.899999618530273,,,,,,,,,,,,,
1946-04-02 00:00:00,18.770000457763672,,,,,,,,,,,,,
1946-03-26 00:00:00,18.540000915527344,,,,,,,,,,,,,
1946-03-19 00:00:00,18.040000915527344,,,,,,,,,,,,,
1946-03-12 00:00:00,17.700000762939453,,,,,,,,,,,,,
1946-03-05 00:00:00,17.280000686645508,,,,,,,,,,,,,
1946-02-26 00:00:00,17.489999771118164,,,,,,,,,,,,,
1946-02-19 00:00:00,17.209999084472656,,,,,,,,,,,,,
1946-02-12 00:00:00,17.719999313354492,,,,,,,,,,,,,
1946-02-05 00:00:00,18.440000534057617,,,,,,,,,,,,,
1946-01-29 00:00:00,18.549999237060547,,,,,,,,,,,,,
1946-01-22 00:00:00,18.639999389648438,,,,,,,,,,,,,
1946-01-15 00:00:00,18.09000015258789,,,,,,,,,,,,,
1946-01-08 00:00:00,18.299999237060547,,,,,,,,,,,,,
1946-01-01 00:00:00,18.1299991607666,,,,,,,,,,,,,
1945-12-25 00:00:00,17.229999542236328,,,,,,,,,,,,,
1945-12-18 00:00:00,17.309999465942383,,,,,,,,,,,,,
1945-12-11 00:00:00,16.979999542236328,,,,,,,,,,,,,
1945-12-04 00:00:00,17.309999465942383,,,,,,,,,,,,,
1945-11-27 00:00:00,17.540000915527344,,,,,,,,,,,,,
1945-11-20 00:00:00,17.190000534057617,,,,,,,,,,,,,
1945-11-13 00:00:00,16.850000381469727,,,,,,,,,,,,,
1945-11-06 00:00:00,17.0,,,,,,,,,,,,,
1945-10-30 00:00:00,17.100000381469727,,,,,,,,,,,,,
1945-10-23 00:00:00,16.860000610351562,,,,,,,,,,,,,
1945-10-16 00:00:00,16.489999771118164,,,,,,,,,,,,,
1945-10-09 00:00:00,16.59000015258789,,,,,,,,,,,,,
1945-10-02 00:00:00,16.579999923706055,,,,,,,,,,,,,
1945-09-25 00:00:00,16.3799991607666,,,,,,,,,,,,,
1945-09-18 00:00:00,16.049999237060547,,,,,,,,,,,,,
1945-09-11 00:00:00,15.949999809265137,,,,,,,,,,,,,
1945-09-04 00:00:00,15.859999656677246,,,,,,,,,,,,,
1945-08-28 00:00:00,15.729999542236328,,,,,,,,,,,,,
1945-08-21 00:00:00,15.510000228881836,,,,,,,,,,,,,
1945-08-14 00:00:00,15.050000190734863,,,,,,,,,,,,,
1945-08-07 00:00:00,14.619999885559082,,,,,,,,,,,,,
1945-07-31 00:00:00,14.779999732971191,,,,,,,,,,,,,
1945-07-24 00:00:00,14.680000305175781,,,,,,,,,,,,,
1945-07-17 00:00:00,14.449999809265137,,,,,,,,,,,,,
1945-07-10 00:00:00,14.65999984741211,,,,,,,,,,,,,
1945-07-03 00:00:00,15.050000190734863,,,,,,,,,,,,,
1945-06-26 00:00:00,14.90999984741211,,,,,,,,,,,,,
1945-06-19 00:00:00,14.869999885559082,,,,,,,,,,,,,
1945-06-12 00:00:00,15.279999732971191,,,,,,,,,,,,,
1945-06-05 00:00:00,15.100000381469727,,,,,,,,,,,,,
1945-05-29 00:00:00,14.930000305175781,,,,,,,,,,,,,
1945-05-22 00:00:00,15.029999732971191,,,,,,,,,,,,,
1945-05-15 00:00:00,14.789999961853027,,,,,,,,,,,,,
1945-05-08 00:00:00,14.869999885559082,,,,,,,,,,,,,
1945-05-01 00:00:00,14.619999885559082,,,,,,,,,,,,,
1945-04-24 00:00:00,14.920000076293945,,,,,,,,,,,,,
1945-04-17 00:00:00,14.699999809265137,,,,,,,,,,,,,
1945-04-10 00:00:00,14.489999771118164,,,,,,,,,,,,,
1945-04-03 00:00:00,14.199999809265137,,,,,,,,,,,,,
1945-03-27 00:00:00,13.770000457763672,,,,,,,,,,,,,
1945-03-20 00:00:00,13.609999656677246,,,,,,,,,,,,,
1945-03-13 00:00:00,13.739999771118164,,,,,,,,,,,,,
1945-03-06 00:00:00,14.09000015258789,,,,,,,,,,,,,
1945-02-27 00:00:00,13.819999694824219,,,,,,,,,,,,,
1945-02-20 00:00:00,14.229999542236328,,,,,,,,,,,,,
1945-02-13 00:00:00,14.15999984741211,,,,,,,,,,,,,
1945-02-06 00:00:00,14.050000190734863,,,,,,,,,,,,,
1945-01-30 00:00:00,13.680000305175781,,,,,,,,,,,,,
1945-01-23 00:00:00,13.600000381469727,,,,,,,,,,,,,
1945-01-16 00:00:00,13.460000038146973,,,,,,,,,,,,,
1945-01-09 00:00:00,13.4399995803833,,,,,,,,,,,,,
1945-01-02 00:00:00,13.640000343322754,,,,,,,,,,,,,
1944-12-26 00:00:00,13.460000038146973,,,,,,,,,,,,,
1944-12-19 00:00:00,13.279999732971191,,,,,,,,,,,,,
1944-12-12 00:00:00,13.119999885559082,,,,,,,,,,,,,
1944-12-05 00:00:00,13.270000457763672,,,,,,,,,,,,,
1944-11-28 00:00:00,13.09000015258789,,,,,,,,,,,,,
1944-11-21 00:00:00,12.800000190734863,,,,,,,,,,,,,
1944-11-14 00:00:00,12.75,,,,,,,,,,,,,
1944-11-07 00:00:00,12.670000076293945,,,,,,,,,,,,,
1944-10-31 00:00:00,12.979999542236328,,,,,,,,,,,,,
1944-10-24 00:00:00,12.890000343322754,,,,,,,,,,,,,
1944-10-17 00:00:00,12.75,,,,,,,,,,,,,
1944-10-10 00:00:00,13.020000457763672,,,,,,,,,,,,,
1944-10-03 00:00:00,13.020000457763672,,,,,,,,,,,,,
1944-09-26 00:00:00,12.970000267028809,,,,,,,,,,,,,
1944-09-19 00:00:00,12.739999771118164,,,,,,,,,,,,,
1944-09-12 00:00:00,12.649999618530273,,,,,,,,,,,,,
1944-09-05 00:00:00,12.449999809265137,,,,,,,,,,,,,
1944-08-29 00:00:00,12.40999984741211,,,,,,,,,,,,,
1944-08-22 00:00:00,12.859999656677246,,,,,,,,,,,,,
1944-08-15 00:00:00,12.800000190734863,,,,,,,,,,,,,
1944-08-08 00:00:00,13.039999961853027,,,,,,,,,,,,,
1944-08-01 00:00:00,12.829999923706055,,,,,,,,,,,,,
1944-07-25 00:00:00,12.609999656677246,,,,,,,,,,,,,
1944-07-18 00:00:00,12.699999809265137,,,,,,,,,,,,,
1944-07-11 00:00:00,12.779999732971191,,,,,,,,,,,,,
1944-07-04 00:00:00,13.229999542236328,,,,,,,,,,,,,
1944-06-27 00:00:00,13.15999984741211,,,,,,,,,,,,,
1944-06-20 00:00:00,12.979999542236328,,,,,,,,,,,,,
1944-06-13 00:00:00,12.899999618530273,,,,,,,,,,,,,
1944-06-06 00:00:00,12.819999694824219,,,,,,,,,,,,,
1944-05-30 00:00:00,12.270000457763672,,,,,,,,,,,,,
1944-05-23 00:00:00,12.300000190734863,,,,,,,,,,,,,
1944-05-16 00:00:00,12.220000267028809,,,,,,,,,,,,,
1944-05-09 00:00:00,12.119999885559082,,,,,,,,,,,,,
1944-05-02 00:00:00,12.0,,,,,,,,,,,,,
1944-04-25 00:00:00,12.079999923706055,,,,,,,,,,,,,
1944-04-18 00:00:00,11.869999885559082,,,,,,,,,,,,,
1944-04-11 00:00:00,11.800000190734863,,,,,,,,,,,,,
1944-04-04 00:00:00,11.949999809265137,,,,,,,,,,,,,
1944-03-28 00:00:00,12.039999961853027,,,,,,,,,,,,,
1944-03-21 00:00:00,12.020000457763672,,,,,,,,,,,,,
1944-03-14 00:00:00,12.130000114440918,,,,,,,,,,,,,
1944-03-07 00:00:00,12.3100004196167,,,,,,,,,,,,,
1944-02-29 00:00:00,12.100000381469727,,,,,,,,,,,,,
1944-02-22 00:00:00,11.899999618530273,,,,,,,,,,,,,
1944-02-15 00:00:00,11.800000190734863,,,,,,,,,,,,,
1944-02-08 00:00:00,11.779999732971191,,,,,,,,,,,,,
1944-02-01 00:00:00,11.739999771118164,,,,,,,,,,,,,
1944-01-25 00:00:00,11.600000381469727,,,,,,,,,,,,,
1944-01-18 00:00:00,11.8100004196167,,,,,,,,,,,,,
1944-01-11 00:00:00,11.899999618530273,,,,,,,,,,,,,
1944-01-04 00:00:00,11.859999656677246,,,,,,,,,,,,,
1943-12-28 00:00:00,11.869999885559082,,,,,,,,,,,,,
1943-12-21 00:00:00,11.670000076293945,,,,,,,,,,,,,
1943-12-14 00:00:00,11.609999656677246,,,,,,,,,,,,,
1943-12-07 00:00:00,11.5600004196167,,,,,,,,,,,,,
1943-11-30 00:00:00,11.489999771118164,,,,,,,,,,,,,
1943-11-23 00:00:00,11.229999542236328,,,,,,,,,,,,,
1943-11-16 00:00:00,11.149999618530273,,,,,,,,,,,,,
1943-11-09 00:00:00,11.300000190734863,,,,,,,,,,,,,
1943-11-02 00:00:00,11.289999961853027,,,,,,,,,,,,,
1943-10-26 00:00:00,11.59000015258789,,,,,,,,,,,,,
1943-10-19 00:00:00,11.90999984741211,,,,,,,,,,,,,
1943-10-12 00:00:00,11.890000343322754,,,,,,,,,,,,,
1943-10-05 00:00:00,11.829999923706055,,,,,,,,,,,,,
1943-09-28 00:00:00,11.720000267028809,,,,,,,,,,,,,
1943-09-21 00:00:00,12.09000015258789,,,,,,,,,,,,,
1943-09-14 00:00:00,12.100000381469727,,,,,,,,,,,,,
1943-09-07 00:00:00,12.100000381469727,,,,,,,,,,,,,
1943-08-31 00:00:00,11.930000305175781,,,,,,,,,,,,,
1943-08-24 00:00:00,11.819999694824219,,,,,,,,,,,,,
1943-08-17 00:00:00,11.670000076293945,,,,,,,,,,,,,
1943-08-10 00:00:00,11.8100004196167,,,,,,,,,,,,,
1943-08-03 00:00:00,11.84000015258789,,,,,,,,,,,,,
1943-07-27 00:00:00,11.630000114440918,,,,,,,,,,,,,
1943-07-20 00:00:00,11.850000381469727,,,,,,,,,,,,,
1943-07-13 00:00:00,12.510000228881836,,,,,,,,,,,,,
1943-07-06 00:00:00,12.539999961853027,,,,,,,,,,,,,
1943-06-29 00:00:00,12.40999984741211,,,,,,,,,,,,,
1943-06-22 00:00:00,12.350000381469727,,,,,,,,,,,,,
1943-06-15 00:00:00,12.210000038146973,,,,,,,,,,,,,
1943-06-08 00:00:00,11.960000038146973,,,,,,,,,,,,,
1943-06-01 00:00:00,12.079999923706055,,,,,,,,,,,,,
1943-05-25 00:00:00,12.180000305175781,,,,,,,,,,,,,
1943-05-18 00:00:00,12.050000190734863,,,,,,,,,,,,,
1943-05-11 00:00:00,11.899999618530273,,,,,,,,,,,,,
1943-05-04 00:00:00,11.699999809265137,,,,,,,,,,,,,
1943-04-27 00:00:00,11.8100004196167,,,,,,,,,,,,,
1943-04-20 00:00:00,11.59000015258789,,,,,,,,,,,,,
1943-04-13 00:00:00,11.479999542236328,,,,,,,,,,,,,
1943-04-06 00:00:00,11.329999923706055,,,,,,,,,,,,,
1943-03-30 00:00:00,11.140000343322754,,,,,,,,,,,,,
1943-03-23 00:00:00,11.5600004196167,,,,,,,,,,,,,
1943-03-16 00:00:00,11.300000190734863,,,,,,,,,,,,,
1943-03-09 00:00:00,10.880000114440918,,,,,,,,,,,,,
1943-03-02 00:00:00,11.050000190734863,,,,,,,,,,,,,
1943-02-23 00:00:00,11.050000190734863,,,,,,,,,,,,,
1943-02-16 00:00:00,10.970000267028809,,,,,,,,,,,,,
1943-02-09 00:00:00,10.640000343322754,,,,,,,,,,,,,
1943-02-02 00:00:00,10.670000076293945,,,,,,,,,,,,,
1943-01-26 00:00:00,10.510000228881836,,,,,,,,,,,,,
1943-01-19 00:00:00,10.4399995803833,,,,,,,,,,,,,
1943-01-12 00:00:00,10.170000076293945,,,,,,,,,,,,,
1943-01-05 00:00:00,10.09000015258789,,,,,,,,,,,,,
1942-12-29 00:00:00,9.920000076293945,,,,,,,,,,,,,
1942-12-22 00:00:00,9.770000457763672,,,,,,,,,,,,,
1942-12-15 00:00:00,9.739999771118164,,,,,,,,,,,,,
1942-12-08 00:00:00,9.680000305175781,,,,,,,,,,,,,
1942-12-01 00:00:00,9.369999885559082,,,,,,,,,,,,,
1942-11-24 00:00:00,9.34000015258789,,,,,,,,,,,,,
1942-11-17 00:00:00,9.34000015258789,,,,,,,,,,,,,
1942-11-10 00:00:00,9.479999542236328,,,,,,,,,,,,,
1942-11-03 00:00:00,9.569999694824219,,,,,,,,,,,,,
1942-10-27 00:00:00,9.579999923706055,,,,,,,,,,,,,
1942-10-20 00:00:00,9.359999656677246,,,,,,,,,,,,,
1942-10-13 00:00:00,9.430000305175781,,,,,,,,,,,,,
1942-10-06 00:00:00,9.350000381469727,,,,,,,,,,,,,
1942-09-29 00:00:00,9.34000015258789,,,,,,,,,,,,,
1942-09-22 00:00:00,9.050000190734863,,,,,,,,,,,,,
1942-09-15 00:00:00,8.899999618530273,,,,,,,,,,,,,
1942-09-08 00:00:00,8.65999984741211,,,,,,,,,,,,,
1942-09-01 00:00:00,8.539999961853027,,,,,,,,,,,,,
1942-08-25 00:00:00,8.609999656677246,,,,,,,,,,,,,
1942-08-18 00:00:00,8.609999656677246,,,,,,,,,,,,,
1942-08-11 00:00:00,8.710000038146973,,,,,,,,,,,,,
1942-08-04 00:00:00,8.579999923706055,,,,,,,,,,,,,
1942-07-28 00:00:00,8.489999771118164,,,,,,,,,,,,,
1942-07-21 00:00:00,8.5600004196167,,,,,,,,,,,,,
1942-07-14 00:00:00,8.630000114440918,,,,,,,,,,,,,
1942-07-07 00:00:00,8.720000267028809,,,,,,,,,,,,,
1942-06-30 00:00:00,8.800000190734863,,,,,,,,,,,,,
1942-06-23 00:00:00,8.4399995803833,,,,,,,,,,,,,
1942-06-16 00:00:00,8.229999542236328,,,,,,,,,,,,,
1942-06-09 00:00:00,8.399999618530273,,,,,,,,,,,,,
1942-06-02 00:00:00,8.319999694824219,,,,,,,,,,,,,
1942-05-26 00:00:00,8.369999885559082,,,,,,,,,,,,,
1942-05-19 00:00:00,8.149999618530273,,,,,,,,,,,,,
1942-05-12 00:00:00,8.010000228881836,,,,,,,,,,,,,
1942-05-05 00:00:00,7.880000114440918,,,,,,,,,,,,,
1942-04-28 00:00:00,7.889999866485596,,,,,,,,,,,,,
1942-04-21 00:00:00,7.710000038146973,,,,,,,,,,,,,
1942-04-14 00:00:00,7.550000190734863,,,,,,,,,,,,,
1942-04-07 00:00:00,7.699999809265137,,,,,,,,,,,,,
1942-03-31 00:00:00,7.980000019073486,,,,,,,,,,,,,
1942-03-24 00:00:00,8.109999656677246,,,,,,,,,,,,,
1942-03-17 00:00:00,8.050000190734863,,,,,,,,,,,,,
1942-03-10 00:00:00,8.109999656677246,,,,,,,,,,,,,
1942-03-03 00:00:00,8.029999732971191,,,,,,,,,,,,,
1942-02-24 00:00:00,8.15999984741211,,,,,,,,,,,,,
1942-02-17 00:00:00,8.59000015258789,,,,,,,,,,,,,
1942-02-10 00:00:00,8.470000267028809,,,,,,,,,,,,,
1942-02-03 00:00:00,8.619999885559082,,,,,,,,,,,,,
1942-01-27 00:00:00,8.850000381469727,,,,,,,,,,,,,
1942-01-20 00:00:00,8.850000381469727,,,,,,,,,,,,,
1942-01-13 00:00:00,8.84000015258789,,,,,,,,,,,,,
1942-01-06 00:00:00,8.960000038146973,,,,,,,,,,,,,
1941-12-30 00:00:00,8.850000381469727,,,,,,,,,,,,,
1941-12-23 00:00:00,8.890000343322754,,,,,,,,,,,,,
1941-12-16 00:00:00,8.420000076293945,,,,,,,,,,,,,
1941-12-09 00:00:00,8.489999771118164,,,,,,,,,,,,,
1941-12-02 00:00:00,8.729999542236328,,,,,,,,,,,,,
1941-11-25 00:00:00,9.319999694824219,,,,,,,,,,,,,
1941-11-18 00:00:00,9.119999885559082,,,,,,,,,,,,,
1941-11-11 00:00:00,9.380000114440918,,,,,,,,,,,,,
1941-11-04 00:00:00,9.300000190734863,,,,,,,,,,,,,
1941-10-28 00:00:00,9.550000190734863,,,,,,,,,,,,,
1941-10-21 00:00:00,9.5,,,,,,,,,,,,,
1941-10-14 00:00:00,9.819999694824219,,,,,,,,,,,,,
1941-10-07 00:00:00,9.619999885559082,,,,,,,,,,,,,
1941-09-30 00:00:00,9.84000015258789,,,,,,,,,,,,,
1941-09-23 00:00:00,10.130000114440918,,,,,,,,,,,,,
1941-09-16 00:00:00,10.09000015258789,,,,,,,,,,,,,
1941-09-09 00:00:00,10.289999961853027,,,,,,,,,,,,,
1941-09-02 00:00:00,10.229999542236328,,,,,,,,,,,,,
1941-08-26 00:00:00,10.210000038146973,,,,,,,,,,,,,
1941-08-19 00:00:00,10.279999732971191,,,,,,,,,,,,,
1941-08-12 00:00:00,10.149999618530273,,,,,,,,,,,,,
1941-08-05 00:00:00,10.029999732971191,,,,,,,,,,,,,
1941-07-29 00:00:00,10.229999542236328,,,,,,,,,,,,,
1941-07-22 00:00:00,10.34000015258789,,,,,,,,,,,,,
1941-07-15 00:00:00,10.34000015258789,,,,,,,,,,,,,
1941-07-08 00:00:00,10.25,,,,,,,,,,,,,
1941-07-01 00:00:00,10.279999732971191,,,,,,,,,,,,,
1941-06-24 00:00:00,9.90999984741211,,,,,,,,,,,,,
1941-06-17 00:00:00,9.890000343322754,,,,,,,,,,,,,
1941-06-10 00:00:00,9.760000228881836,,,,,,,,,,,,,
1941-06-03 00:00:00,9.850000381469727,,,,,,,,,,,,,
1941-05-27 00:00:00,9.489999771118164,,,,,,,,,,,,,
1941-05-20 00:00:00,9.380000114440918,,,,,,,,,,,,,
1941-05-13 00:00:00,9.4399995803833,,,,,,,,,,,,,
1941-05-06 00:00:00,9.350000381469727,,,,,,,,,,,,,
1941-04-29 00:00:00,9.449999809265137,,,,,,,,,,,,,
1941-04-22 00:00:00,9.329999923706055,,,,,,,,,,,,,
1941-04-15 00:00:00,9.399999618530273,,,,,,,,,,,,,
1941-04-08 00:00:00,9.399999618530273,,,,,,,,,,,,,
1941-04-01 00:00:00,9.6899995803833,,,,,,,,,,,,,
1941-03-25 00:00:00,10.140000343322754,,,,,,,,,,,,,
1941-03-18 00:00:00,9.9399995803833,,,,,,,,,,,,,
1941-03-11 00:00:00,9.930000305175781,,,,,,,,,,,,,
1941-03-04 00:00:00,9.979999542236328,,,,,,,,,,,,,
1941-02-25 00:00:00,9.899999618530273,,,,,,,,,,,,,
1941-02-18 00:00:00,9.920000076293945,,,,,,,,,,,,,
1941-02-11 00:00:00,9.760000228881836,,,,,,,,,,,,,
1941-02-04 00:00:00,9.529999732971191,,,,,,,,,,,,,
1941-01-28 00:00:00,10.15999984741211,,,,,,,,,,,,,
1941-01-21 00:00:00,10.069999694824219,,,,,,,,,,,,,
1941-01-14 00:00:00,10.449999809265137,,,,,,,,,,,,,
1941-01-07 00:00:00,10.520000457763672,,,,,,,,,,,,,
1940-12-31 00:00:00,10.859999656677246,,,,,,,,,,,,,
1940-12-24 00:00:00,10.720000267028809,,,,,,,,,,,,,
1940-12-17 00:00:00,10.4399995803833,,,,,,,,,,,,,
1940-12-10 00:00:00,10.40999984741211,,,,,,,,,,,,,
1940-12-03 00:00:00,10.6899995803833,,,,,,,,,,,,,
1940-11-26 00:00:00,10.529999732971191,,,,,,,,,,,,,
1940-11-19 00:00:00,10.569999694824219,,,,,,,,,,,,,
1940-11-12 00:00:00,10.789999961853027,,,,,,,,,,,,,
1940-11-05 00:00:00,11.170000076293945,,,,,,,,,,,,,
1940-10-29 00:00:00,11.229999542236328,,,,,,,,,,,,,
1940-10-22 00:00:00,11.079999923706055,,,,,,,,,,,,,
1940-10-15 00:00:00,10.729999542236328,,,,,,,,,,,,,
1940-10-08 00:00:00,10.720000267028809,,,,,,,,,,,,,
1940-10-01 00:00:00,10.579999923706055,,,,,,,,,,,,,
1940-09-24 00:00:00,10.779999732971191,,,,,,,,,,,,,
1940-09-17 00:00:00,10.579999923706055,,,,,,,,,,,,,
1940-09-10 00:00:00,10.59000015258789,,,,,,,,,,,,,
1940-09-03 00:00:00,10.3100004196167,,,,,,,,,,,,,
1940-08-27 00:00:00,10.850000381469727,,,,,,,,,,,,,
1940-08-20 00:00:00,10.5,,,,,,,,,,,,,
1940-08-13 00:00:00,10.1899995803833,,,,,,,,,,,,,
1940-08-06 00:00:00,9.84000015258789,,,,,,,,,,,,,
1940-07-30 00:00:00,10.270000457763672,,,,,,,,,,,,,
1940-07-23 00:00:00,10.25,,,,,,,,,,,,,
1940-07-16 00:00:00,9.970000267028809,,,,,,,,,,,,,
1940-07-09 00:00:00,9.970000267028809,,,,,,,,,,,,,
1940-07-02 00:00:00,9.949999809265137,,,,,,,,,,,,,
1940-06-25 00:00:00,9.9399995803833,,,,,,,,,,,,,
1940-06-18 00:00:00,9.979999542236328,,,,,,,,,,,,,
1940-06-11 00:00:00,9.90999984741211,,,,,,,,,,,,,
1940-06-04 00:00:00,9.9399995803833,,,,,,,,,,,,,
1940-05-28 00:00:00,9.34000015258789,,,,,,,,,,,,,
1940-05-21 00:00:00,9.270000457763672,,,,,,,,,,,,,
1940-05-14 00:00:00,9.15999984741211,,,,,,,,,,,,,
1940-05-07 00:00:00,9.949999809265137,,,,,,,,,,,,,
1940-04-30 00:00:00,11.760000228881836,,,,,,,,,,,,,
1940-04-23 00:00:00,12.119999885559082,,,,,,,,,,,,,
1940-04-16 00:00:00,12.079999923706055,,,,,,,,,,,,,
1940-04-09 00:00:00,12.039999961853027,,,,,,,,,,,,,
1940-04-02 00:00:00,12.319999694824219,,,,,,,,,,,,,
1940-03-26 00:00:00,12.479999542236328,,,,,,,,,,,,,
1940-03-19 00:00:00,12.180000305175781,,,,,,,,,,,,,
1940-03-12 00:00:00,12.140000343322754,,,,,,,,,,,,,
1940-03-05 00:00:00,12.069999694824219,,,,,,,,,,,,,
1940-02-27 00:00:00,12.199999809265137,,,,,,,,,,,,,
1940-02-20 00:00:00,12.0600004196167,,,,,,,,,,,,,
1940-02-13 00:00:00,12.229999542236328,,,,,,,,,,,,,
1940-02-06 00:00:00,12.289999961853027,,,,,,,,,,,,,
1940-01-30 00:00:00,12.369999885559082,,,,,,,,,,,,,
1940-01-23 00:00:00,12.0600004196167,,,,,,,,,,,,,
1940-01-16 00:00:00,12.149999618530273,,,,,,,,,,,,,
1940-01-09 00:00:00,12.149999618530273,,,,,,,,,,,,,
1940-01-02 00:00:00,12.130000114440918,,,,,,,,,,,,,
1939-12-26 00:00:00,12.65999984741211,,,,,,,,,,,,,
1939-12-19 00:00:00,12.460000038146973,,,,,,,,,,,,,
1939-12-12 00:00:00,12.4399995803833,,,,,,,,,,,,,
1939-12-05 00:00:00,12.399999618530273,,,,,,,,,,,,,
1939-11-28 00:00:00,12.359999656677246,,,,,,,,,,,,,
1939-11-21 00:00:00,12.289999961853027,,,,,,,,,,,,,
1939-11-14 00:00:00,12.489999771118164,,,,,,,,,,,,,
1939-11-07 00:00:00,12.75,,,,,,,,,,,,,
1939-10-31 00:00:00,12.640000343322754,,,,,,,,,,,,,
1939-10-24 00:00:00,12.949999809265137,,,,,,,,,,,,,
1939-10-17 00:00:00,13.020000457763672,,,,,,,,,,,,,
1939-10-10 00:00:00,12.9399995803833,,,,,,,,,,,,,
1939-10-03 00:00:00,12.739999771118164,,,,,,,,,,,,,
1939-09-26 00:00:00,12.800000190734863,,,,,,,,,,,,,
1939-09-19 00:00:00,12.789999961853027,,,,,,,,,,,,,
1939-09-12 00:00:00,12.920000076293945,,,,,,,,,,,,,
1939-09-05 00:00:00,13.069999694824219,,,,,,,,,,,,,
1939-08-29 00:00:00,12.6899995803833,,,,,,,,,,,,,
1939-08-22 00:00:00,11.300000190734863,,,,,,,,,,,,,
1939-08-15 00:00:00,11.09000015258789,,,,,,,,,,,,,
1939-08-08 00:00:00,11.329999923706055,,,,,,,,,,,,,
1939-08-01 00:00:00,11.5600004196167,,,,,,,,,,,,,
1939-07-25 00:00:00,11.899999618530273,,,,,,,,,,,,,
1939-07-18 00:00:00,12.140000343322754,,,,,,,,,,,,,
1939-07-11 00:00:00,12.09000015258789,,,,,,,,,,,,,
1939-07-04 00:00:00,11.550000190734863,,,,,,,,,,,,,
1939-06-27 00:00:00,11.130000114440918,,,,,,,,,,,,,
1939-06-20 00:00:00,10.859999656677246,,,,,,,,,,,,,
1939-06-13 00:00:00,11.5,,,,,,,,,,,,,
1939-06-06 00:00:00,11.279999732971191,,,,,,,,,,,,,
1939-05-30 00:00:00,11.800000190734863,,,,,,,,,,,,,
1939-05-23 00:00:00,11.479999542236328,,,,,,,,,,,,,
1939-05-16 00:00:00,11.489999771118164,,,,,,,,,,,,,
1939-05-09 00:00:00,10.989999771118164,,,,,,,,,,,,,
1939-05-02 00:00:00,11.210000038146973,,,,,,,,,,,,,
1939-04-25 00:00:00,11.210000038146973,,,,,,,,,,,,,
1939-04-18 00:00:00,10.930000305175781,,,,,,,,,,,,,
1939-04-11 00:00:00,10.960000038146973,,,,,,,,,,,,,
1939-04-04 00:00:00,10.630000114440918,,,,,,,,,,,,,
1939-03-28 00:00:00,10.65999984741211,,,,,,,,,,,,,
1939-03-21 00:00:00,10.979999542236328,,,,,,,,,,,,,
1939-03-14 00:00:00,12.069999694824219,,,,,,,,,,,,,
1939-03-07 00:00:00,12.210000038146973,,,,,,,,,,,,,
1939-02-28 00:00:00,13.100000381469727,,,,,,,,,,,,,
1939-02-21 00:00:00,12.859999656677246,,,,,,,,,,,,,
1939-02-14 00:00:00,12.539999961853027,,,,,,,,,,,,,
1939-02-07 00:00:00,12.399999618530273,,,,,,,,,,,,,
1939-01-31 00:00:00,12.329999923706055,,,,,,,,,,,,,
1939-01-24 00:00:00,12.300000190734863,,,,,,,,,,,,,
1939-01-17 00:00:00,11.859999656677246,,,,,,,,,,,,,
1939-01-10 00:00:00,12.75,,,,,,,,,,,,,
1939-01-03 00:00:00,12.329999923706055,,,,,,,,,,,,,
1938-12-27 00:00:00,13.069999694824219,,,,,,,,,,,,,
1938-12-20 00:00:00,13.140000343322754,,,,,,,,,,,,,
1938-12-13 00:00:00,12.8100004196167,,,,,,,,,,,,,
1938-12-06 00:00:00,12.899999618530273,,,,,,,,,,,,,
1938-11-29 00:00:00,12.319999694824219,,,,,,,,,,,,,
1938-11-22 00:00:00,12.479999542236328,,,,,,,,,,,,,
1938-11-15 00:00:00,12.819999694824219,,,,,,,,,,,,,
1938-11-08 00:00:00,12.84000015258789,,,,,,,,,,,,,
1938-11-01 00:00:00,13.699999809265137,,,,,,,,,,,,,
1938-10-25 00:00:00,13.170000076293945,,,,,,,,,,,,,
1938-10-18 00:00:00,13.140000343322754,,,,,,,,,,,,,
1938-10-11 00:00:00,13.25,,,,,,,,,,,,,
1938-10-04 00:00:00,13.149999618530273,,,,,,,,,,,,,
1938-09-27 00:00:00,12.850000381469727,,,,,,,,,,,,,
1938-09-20 00:00:00,12.239999771118164,,,,,,,,,,,,,
1938-09-13 00:00:00,11.359999656677246,,,,,,,,,,,,,
1938-09-06 00:00:00,11.430000305175781,,,,,,,,,,,,,
1938-08-30 00:00:00,12.020000457763672,,,,,,,,,,,,,
1938-08-23 00:00:00,12.260000228881836,,,,,,,,,,,,,
1938-08-16 00:00:00,12.5,,,,,,,,,,,,,
1938-08-09 00:00:00,12.3100004196167,,,,,,,,,,,,,
1938-08-02 00:00:00,11.920000076293945,,,,,,,,,,,,,
1938-07-26 00:00:00,12.65999984741211,,,,,,,,,,,,,
1938-07-19 00:00:00,12.329999923706055,,,,,,,,,,,,,
1938-07-12 00:00:00,12.550000190734863,,,,,,,,,,,,,
1938-07-05 00:00:00,12.0,,,,,,,,,,,,,
1938-06-28 00:00:00,11.890000343322754,,,,,,,,,,,,,
1938-06-21 00:00:00,11.90999984741211,,,,,,,,,,,,,
1938-06-14 00:00:00,11.149999618530273,,,,,,,,,,,,,
1938-06-07 00:00:00,9.670000076293945,,,,,,,,,,,,,
1938-05-31 00:00:00,9.800000190734863,,,,,,,,,,,,,
1938-05-24 00:00:00,9.420000076293945,,,,,,,,,,,,,
1938-05-17 00:00:00,9.279999732971191,,,,,,,,,,,,,
1938-05-10 00:00:00,9.960000038146973,,,,,,,,,,,,,
1938-05-03 00:00:00,10.260000228881836,,,,,,,,,,,,,
1938-04-26 00:00:00,10.430000305175781,,,,,,,,,,,,,
1938-04-19 00:00:00,9.779999732971191,,,,,,,,,,,,,
1938-04-12 00:00:00,10.449999809265137,,,,,,,,,,,,,
1938-04-05 00:00:00,10.199999809265137,,,,,,,,,,,,,
1938-03-29 00:00:00,9.619999885559082,,,,,,,,,,,,,
1938-03-22 00:00:00,8.90999984741211,,,,,,,,,,,,,
1938-03-15 00:00:00,9.350000381469727,,,,,,,,,,,,,
1938-03-08 00:00:00,10.1899995803833,,,,,,,,,,,,,
1938-03-01 00:00:00,10.579999923706055,,,,,,,,,,,,,
1938-02-22 00:00:00,11.130000114440918,,,,,,,,,,,,,
1938-02-15 00:00:00,11.569999694824219,,,,,,,,,,,,,
1938-02-08 00:00:00,11.020000457763672,,,,,,,,,,,,,
1938-02-01 00:00:00,10.930000305175781,,,,,,,,,,,,,
1938-01-25 00:00:00,10.539999961853027,,,,,,,,,,,,,
1938-01-18 00:00:00,10.550000190734863,,,,,,,,,,,,,
1938-01-11 00:00:00,11.4399995803833,,,,,,,,,,,,,
1938-01-04 00:00:00,11.699999809265137,,,,,,,,,,,,,
1937-12-28 00:00:00,11.319999694824219,,,,,,,,,,,,,
1937-12-21 00:00:00,10.550000190734863,,,,,,,,,,,,,
1937-12-14 00:00:00,11.0600004196167,,,,,,,,,,,,,
1937-12-07 00:00:00,11.0,,,,,,,,,,,,,
1937-11-30 00:00:00,11.100000381469727,,,,,,,,,,,,,
1937-11-23 00:00:00,11.34000015258789,,,,,,,,,,,,,
1937-11-16 00:00:00,10.670000076293945,,,,,,,,,,,,,
1937-11-09 00:00:00,10.510000228881836,,,,,,,,,,,,,
1937-11-02 00:00:00,11.90999984741211,,,,,,,,,,,,,
1937-10-26 00:00:00,11.460000038146973,,,,,,,,,,,,,
1937-10-19 00:00:00,12.350000381469727,,,,,,,,,,,,,
1937-10-12 00:00:00,11.84000015258789,,,,,,,,,,,,,
1937-10-05 00:00:00,11.84000015258789,,,,,,,,,,,,,
1937-09-28 00:00:00,12.75,,,,,,,,,,,,,
1937-09-21 00:00:00,13.720000267028809,,,,,,,,,,,,,
1937-09-14 00:00:00,13.199999809265137,,,,,,,,,,,,,
1937-09-07 00:00:00,14.569999694824219,,,,,,,,,,,,,
1937-08-31 00:00:00,14.1899995803833,,,,,,,,,,,,,
1937-08-24 00:00:00,15.460000038146973,,,,,,,,,,,,,
1937-08-17 00:00:00,15.880000114440918,,,,,,,,,,,,,
1937-08-10 00:00:00,16.489999771118164,,,,,,,,,,,,,
1937-08-03 00:00:00,17.270000457763672,,,,,,,,,,,,,
1937-07-27 00:00:00,16.850000381469727,,,,,,,,,,,,,
1937-07-20 00:00:00,16.770000457763672,,,,,,,,,,,,,
1937-07-13 00:00:00,16.940000534057617,,,,,,,,,,,,,
1937-07-06 00:00:00,16.420000076293945,,,,,,,,,,,,,
1937-06-29 00:00:00,16.31999969482422,,,,,,,,,,,,,
1937-06-22 00:00:00,15.699999809265137,,,,,,,,,,,,,
1937-06-15 00:00:00,15.520000457763672,,,,,,,,,,,,,
1937-06-08 00:00:00,15.510000228881836,,,,,,,,,,,,,
1937-06-01 00:00:00,15.729999542236328,,,,,,,,,,,,,
1937-05-25 00:00:00,16.280000686645508,,,,,,,,,,,,,
1937-05-18 00:00:00,16.260000228881836,,,,,,,,,,,,,
1937-05-11 00:00:00,16.270000457763672,,,,,,,,,,,,,
1937-05-04 00:00:00,15.8100004196167,,,,,,,,,,,,,
1937-04-27 00:00:00,16.649999618530273,,,,,,,,,,,,,
1937-04-20 00:00:00,16.43000030517578,,,,,,,,,,,,,
1937-04-13 00:00:00,16.850000381469727,,,,,,,,,,,,,
1937-04-06 00:00:00,17.15999984741211,,,,,,,,,,,,,
1937-03-30 00:00:00,17.030000686645508,,,,,,,,,,,,,
1937-03-23 00:00:00,17.489999771118164,,,,,,,,,,,,,
1937-03-16 00:00:00,17.68000030517578,,,,,,,,,,,,,
1937-03-09 00:00:00,17.719999313354492,,,,,,,,,,,,,
1937-03-02 00:00:00,18.360000610351562,,,,,,,,,,,,,
1937-02-23 00:00:00,18.6200008392334,,,,,,,,,,,,,
1937-02-16 00:00:00,18.059999465942383,,,,,,,,,,,,,
1937-02-09 00:00:00,18.3700008392334,,,,,,,,,,,,,
1937-02-02 00:00:00,18.31999969482422,,,,,,,,,,,,,
1937-01-26 00:00:00,17.860000610351562,,,,,,,,,,,,,
1937-01-19 00:00:00,17.770000457763672,,,,,,,,,,,,,
1937-01-12 00:00:00,17.8700008392334,,,,,,,,,,,,,
1937-01-05 00:00:00,17.739999771118164,,,,,,,,,,,,,
1936-12-29 00:00:00,17.479999542236328,,,,,,,,,,,,,
1936-12-22 00:00:00,17.18000030517578,,,,,,,,,,,,,
1936-12-15 00:00:00,17.059999465942383,,,,,,,,,,,,,
1936-12-08 00:00:00,17.0,,,,,,,,,,,,,
1936-12-01 00:00:00,17.139999389648438,,,,,,,,,,,,,
1936-11-24 00:00:00,17.010000228881836,,,,,,,,,,,,,
1936-11-17 00:00:00,17.34000015258789,,,,,,,,,,,,,
1936-11-10 00:00:00,17.1299991607666,,,,,,,,,,,,,
1936-11-03 00:00:00,17.239999771118164,,,,,,,,,,,,,
1936-10-27 00:00:00,17.43000030517578,,,,,,,,,,,,,
1936-10-20 00:00:00,17.229999542236328,,,,,,,,,,,,,
1936-10-13 00:00:00,17.09000015258789,,,,,,,,,,,,,
1936-10-06 00:00:00,17.040000915527344,,,,,,,,,,,,,
1936-09-29 00:00:00,16.8700008392334,,,,,,,,,,,,,
1936-09-22 00:00:00,16.350000381469727,,,,,,,,,,,,,
1936-09-15 00:00:00,15.880000114440918,,,,,,,,,,,,,
1936-09-08 00:00:00,16.030000686645508,,,,,,,,,,,,,
1936-09-01 00:00:00,16.110000610351562,,,,,,,,,,,,,
1936-08-25 00:00:00,16.020000457763672,,,,,,,,,,,,,
1936-08-18 00:00:00,15.920000076293945,,,,,,,,,,,,,
1936-08-11 00:00:00,15.319999694824219,,,,,,,,,,,,,
1936-08-04 00:00:00,15.869999885559082,,,,,,,,,,,,,
1936-07-28 00:00:00,16.079999923706055,,,,,,,,,,,,,
1936-07-21 00:00:00,15.850000381469727,,,,,,,,,,,,,
1936-07-14 00:00:00,15.829999923706055,,,,,,,,,,,,,
1936-07-07 00:00:00,15.65999984741211,,,,,,,,,,,,,
1936-06-30 00:00:00,15.350000381469727,,,,,,,,,,,,,
1936-06-23 00:00:00,15.020000457763672,,,,,,,,,,,,,
1936-06-16 00:00:00,14.949999809265137,,,,,,,,,,,,,
1936-06-09 00:00:00,14.829999923706055,,,,,,,,,,,,,
1936-06-02 00:00:00,14.59000015258789,,,,,,,,,,,,,
1936-05-26 00:00:00,14.119999885559082,,,,,,,,,,,,,
1936-05-19 00:00:00,14.399999618530273,,,,,,,,,,,,,
1936-05-12 00:00:00,14.09000015258789,,,,,,,,,,,,,
1936-05-05 00:00:00,14.289999961853027,,,,,,,,,,,,,
1936-04-28 00:00:00,13.899999618530273,,,,,,,,,,,,,
1936-04-21 00:00:00,13.869999885559082,,,,,,,,,,,,,
1936-04-14 00:00:00,14.4399995803833,,,,,,,,,,,,,
1936-04-07 00:00:00,15.100000381469727,,,,,,,,,,,,,
1936-03-31 00:00:00,15.390000343322754,,,,,,,,,,,,,
1936-03-24 00:00:00,15.270000457763672,,,,,,,,,,,,,
1936-03-17 00:00:00,14.819999694824219,,,,,,,,,,,,,
1936-03-10 00:00:00,15.039999961853027,,,,,,,,,,,,,
1936-03-03 00:00:00,14.239999771118164,,,,,,,,,,,,,
1936-02-25 00:00:00,15.100000381469727,,,,,,,,,,,,,
1936-02-18 00:00:00,14.600000381469727,,,,,,,,,,,,,
1936-02-11 00:00:00,14.829999923706055,,,,,,,,,,,,,
1936-02-04 00:00:00,14.65999984741211,,,,,,,,,,,,,
1936-01-28 00:00:00,14.319999694824219,,,,,,,,,,,,,
1936-01-21 00:00:00,14.3100004196167,,,,,,,,,,,,,
1936-01-14 00:00:00,13.850000381469727,,,,,,,,,,,,,
1936-01-07 00:00:00,13.75,,,,,,,,,,,,,
1935-12-31 00:00:00,13.779999732971191,,,,,,,,,,,,,
1935-12-24 00:00:00,13.550000190734863,,,,,,,,,,,,,
1935-12-17 00:00:00,13.109999656677246,,,,,,,,,,,,,
1935-12-10 00:00:00,12.880000114440918,,,,,,,,,,,,,
1935-12-03 00:00:00,12.84000015258789,,,,,,,,,,,,,
1935-11-26 00:00:00,13.149999618530273,,,,,,,,,,,,,
1935-11-19 00:00:00,12.9399995803833,,,,,,,,,,,,,
1935-11-12 00:00:00,13.140000343322754,,,,,,,,,,,,,
1935-11-05 00:00:00,13.25,,,,,,,,,,,,,
1935-10-29 00:00:00,12.920000076293945,,,,,,,,,,,,,
1935-10-22 00:00:00,12.609999656677246,,,,,,,,,,,,,
1935-10-15 00:00:00,12.430000305175781,,,,,,,,,,,,,
1935-10-08 00:00:00,11.8100004196167,,,,,,,,,,,,,
1935-10-01 00:00:00,11.75,,,,,,,,,,,,,
1935-09-24 00:00:00,11.359999656677246,,,,,,,,,,,,,
1935-09-17 00:00:00,11.5600004196167,,,,,,,,,,,,,
1935-09-10 00:00:00,11.260000228881836,,,,,,,,,,,,,
1935-09-03 00:00:00,11.800000190734863,,,,,,,,,,,,,
1935-08-27 00:00:00,11.649999618530273,,,,,,,,,,,,,
1935-08-20 00:00:00,11.239999771118164,,,,,,,,,,,,,
1935-08-13 00:00:00,11.5600004196167,,,,,,,,,,,,,
1935-08-06 00:00:00,10.619999885559082,,,,,,,,,,,,,
1935-07-30 00:00:00,11.489999771118164,,,,,,,,,,,,,
1935-07-23 00:00:00,10.949999809265137,,,,,,,,,,,,,
1935-07-16 00:00:00,10.789999961853027,,,,,,,,,,,,,
1935-07-09 00:00:00,10.579999923706055,,,,,,,,,,,,,
1935-07-02 00:00:00,10.619999885559082,,,,,,,,,,,,,
1935-06-25 00:00:00,10.470000267028809,,,,,,,,,,,,,
1935-06-18 00:00:00,10.239999771118164,,,,,,,,,,,,,
1935-06-11 00:00:00,10.380000114440918,,,,,,,,,,,,,
1935-06-04 00:00:00,10.220000267028809,,,,,,,,,,,,,
1935-05-28 00:00:00,9.899999618530273,,,,,,,,,,,,,
1935-05-21 00:00:00,9.579999923706055,,,,,,,,,,,,,
1935-05-14 00:00:00,10.020000457763672,,,,,,,,,,,,,
1935-05-07 00:00:00,10.010000228881836,,,,,,,,,,,,,
1935-04-30 00:00:00,9.75,,,,,,,,,,,,,
1935-04-23 00:00:00,9.420000076293945,,,,,,,,,,,,,
1935-04-16 00:00:00,9.399999618530273,,,,,,,,,,,,,
1935-04-09 00:00:00,9.140000343322754,,,,,,,,,,,,,
1935-04-02 00:00:00,8.949999809265137,,,,,,,,,,,,,
1935-03-26 00:00:00,8.779999732971191,,,,,,,,,,,,,
1935-03-19 00:00:00,8.449999809265137,,,,,,,,,,,,,
1935-03-12 00:00:00,8.550000190734863,,,,,,,,,,,,,
1935-03-05 00:00:00,8.229999542236328,,,,,,,,,,,,,
1935-02-26 00:00:00,8.539999961853027,,,,,,,,,,,,,
1935-02-19 00:00:00,8.789999961853027,,,,,,,,,,,,,
1935-02-12 00:00:00,9.029999732971191,,,,,,,,,,,,,
1935-02-05 00:00:00,9.0600004196167,,,,,,,,,,,,,
1935-01-29 00:00:00,9.029999732971191,,,,,,,,,,,,,
1935-01-22 00:00:00,9.050000190734863,,,,,,,,,,,,,
1935-01-15 00:00:00,9.229999542236328,,,,,,,,,,,,,
1935-01-08 00:00:00,9.180000305175781,,,,,,,,,,,,,
1935-01-01 00:00:00,9.25,,,,,,,,,,,,,
1934-12-25 00:00:00,9.510000228881836,,,,,,,,,,,,,
1934-12-18 00:00:00,9.40999984741211,,,,,,,,,,,,,
1934-12-11 00:00:00,9.039999961853027,,,,,,,,,,,,,
1934-12-04 00:00:00,9.109999656677246,,,,,,,,,,,,,
1934-11-27 00:00:00,9.460000038146973,,,,,,,,,,,,,
1934-11-20 00:00:00,9.539999961853027,,,,,,,,,,,,,
1934-11-13 00:00:00,9.270000457763672,,,,,,,,,,,,,
1934-11-06 00:00:00,9.180000305175781,,,,,,,,,,,,,
1934-10-30 00:00:00,9.300000190734863,,,,,,,,,,,,,
1934-10-23 00:00:00,8.869999885559082,,,,,,,,,,,,,
1934-10-16 00:00:00,8.800000190734863,,,,,,,,,,,,,
1934-10-09 00:00:00,9.029999732971191,,,,,,,,,,,,,
1934-10-02 00:00:00,9.1899995803833,,,,,,,,,,,,,
1934-09-25 00:00:00,9.0,,,,,,,,,,,,,
1934-09-18 00:00:00,9.079999923706055,,,,,,,,,,,,,
1934-09-11 00:00:00,8.949999809265137,,,,,,,,,,,,,
1934-09-04 00:00:00,8.470000267028809,,,,,,,,,,,,,
1934-08-28 00:00:00,8.920000076293945,,,,,,,,,,,,,
1934-08-21 00:00:00,9.149999618530273,,,,,,,,,,,,,
1934-08-14 00:00:00,9.520000457763672,,,,,,,,,,,,,
1934-08-07 00:00:00,9.0600004196167,,,,,,,,,,,,,
1934-07-31 00:00:00,8.930000305175781,,,,,,,,,,,,,
1934-07-24 00:00:00,8.899999618530273,,,,,,,,,,,,,
1934-07-17 00:00:00,8.600000381469727,,,,,,,,,,,,,
1934-07-10 00:00:00,9.470000267028809,,,,,,,,,,,,,
1934-07-03 00:00:00,9.930000305175781,,,,,,,,,,,,,
1934-06-26 00:00:00,9.90999984741211,,,,,,,,,,,,,
1934-06-19 00:00:00,9.8100004196167,,,,,,,,,,,,,
1934-06-12 00:00:00,9.760000228881836,,,,,,,,,,,,,
1934-06-05 00:00:00,10.229999542236328,,,,,,,,,,,,,
1934-05-29 00:00:00,10.170000076293945,,,,,,,,,,,,,
1934-05-22 00:00:00,9.380000114440918,,,,,,,,,,,,,
1934-05-15 00:00:00,9.699999809265137,,,,,,,,,,,,,
1934-05-08 00:00:00,9.850000381469727,,,,,,,,,,,,,
1934-05-01 00:00:00,9.550000190734863,,,,,,,,,,,,,
1934-04-24 00:00:00,10.319999694824219,,,,,,,,,,,,,
1934-04-17 00:00:00,10.800000190734863,,,,,,,,,,,,,
1934-04-10 00:00:00,11.15999984741211,,,,,,,,,,,,,
1934-04-03 00:00:00,10.949999809265137,,,,,,,,,,,,,
1934-03-27 00:00:00,10.949999809265137,,,,,,,,,,,,,
1934-03-20 00:00:00,10.619999885559082,,,,,,,,,,,,,
1934-03-13 00:00:00,10.529999732971191,,,,,,,,,,,,,
1934-03-06 00:00:00,10.819999694824219,,,,,,,,,,,,,
1934-02-27 00:00:00,10.729999542236328,,,,,,,,,,,,,
1934-02-20 00:00:00,11.069999694824219,,,,,,,,,,,,,
1934-02-13 00:00:00,11.130000114440918,,,,,,,,,,,,,
1934-02-06 00:00:00,11.539999961853027,,,,,,,,,,,,,
1934-01-30 00:00:00,11.180000305175781,,,,,,,,,,,,,
1934-01-23 00:00:00,11.449999809265137,,,,,,,,,,,,,
1934-01-16 00:00:00,11.020000457763672,,,,,,,,,,,,,
1934-01-09 00:00:00,10.930000305175781,,,,,,,,,,,,,
1934-01-02 00:00:00,10.069999694824219,,,,,,,,,,,,,
1933-12-26 00:00:00,9.8100004196167,,,,,,,,,,,,,
1933-12-19 00:00:00,9.970000267028809,,,,,,,,,,,,,
1933-12-12 00:00:00,9.859999656677246,,,,,,,,,,,,,
1933-12-05 00:00:00,10.069999694824219,,,,,,,,,,,,,
1933-11-28 00:00:00,10.100000381469727,,,,,,,,,,,,,
1933-11-21 00:00:00,9.90999984741211,,,,,,,,,,,,,
1933-11-14 00:00:00,10.010000228881836,,,,,,,,,,,,,
1933-11-07 00:00:00,9.920000076293945,,,,,,,,,,,,,
1933-10-31 00:00:00,9.720000267028809,,,,,,,,,,,,,
1933-10-24 00:00:00,9.539999961853027,,,,,,,,,,,,,
1933-10-17 00:00:00,9.539999961853027,,,,,,,,,,,,,
1933-10-10 00:00:00,8.859999656677246,,,,,,,,,,,,,
1933-10-03 00:00:00,9.850000381469727,,,,,,,,,,,,,
1933-09-26 00:00:00,10.050000190734863,,,,,,,,,,,,,
1933-09-19 00:00:00,9.720000267028809,,,,,,,,,,,,,
1933-09-12 00:00:00,10.260000228881836,,,,,,,,,,,,,
1933-09-05 00:00:00,10.819999694824219,,,,,,,,,,,,,
1933-08-29 00:00:00,10.65999984741211,,,,,,,,,,,,,
1933-08-22 00:00:00,11.229999542236328,,,,,,,,,,,,,
1933-08-15 00:00:00,11.279999732971191,,,,,,,,,,,,,
1933-08-08 00:00:00,10.579999923706055,,,,,,,,,,,,,
1933-08-01 00:00:00,10.59000015258789,,,,,,,,,,,,,
1933-07-25 00:00:00,10.130000114440918,,,,,,,,,,,,,
1933-07-18 00:00:00,10.430000305175781,,,,,,,,,,,,,
1933-07-11 00:00:00,9.649999618530273,,,,,,,,,,,,,
1933-07-04 00:00:00,11.850000381469727,,,,,,,,,,,,,
1933-06-27 00:00:00,11.960000038146973,,,,,,,,,,,,,
1933-06-20 00:00:00,10.90999984741211,,,,,,,,,,,,,
1933-06-13 00:00:00,10.5600004196167,,,,,,,,,,,,,
1933-06-06 00:00:00,9.8100004196167,,,,,,,,,,,,,
1933-05-30 00:00:00,10.40999984741211,,,,,,,,,,,,,
1933-05-23 00:00:00,10.130000114440918,,,,,,,,,,,,,
1933-05-16 00:00:00,9.34000015258789,,,,,,,,,,,,,
1933-05-09 00:00:00,8.819999694824219,,,,,,,,,,,,,
1933-05-02 00:00:00,9.029999732971191,,,,,,,,,,,,,
1933-04-25 00:00:00,8.739999771118164,,,,,,,,,,,,,
1933-04-18 00:00:00,7.829999923706055,,,,,,,,,,,,,
1933-04-11 00:00:00,7.440000057220459,,,,,,,,,,,,,
1933-04-04 00:00:00,6.670000076293945,,,,,,,,,,,,,
1933-03-28 00:00:00,6.119999885559082,,,,,,,,,,,,,
1933-03-21 00:00:00,5.849999904632568,,,,,,,,,,,,,
1933-03-14 00:00:00,6.25,,,,,,,,,,,,,
1933-03-07 00:00:00,6.630000114440918,,,,,,,,,,,,,
1933-02-21 00:00:00,5.840000152587891,,,,,,,,,,,,,
1933-02-14 00:00:00,5.900000095367432,,,,,,,,,,,,,
1933-02-07 00:00:00,6.230000019073486,,,,,,,,,,,,,
1933-01-31 00:00:00,6.659999847412109,,,,,,,,,,,,,
1933-01-24 00:00:00,6.53000020980835,,,,,,,,,,,,,
1933-01-17 00:00:00,7.039999961853027,,,,,,,,,,,,,
1933-01-10 00:00:00,7.059999942779541,,,,,,,,,,,,,
1933-01-03 00:00:00,7.25,,,,,,,,,,,,,
1932-12-27 00:00:00,7.230000019073486,,,,,,,,,,,,,
1932-12-20 00:00:00,6.920000076293945,,,,,,,,,,,,,
1932-12-13 00:00:00,6.570000171661377,,,,,,,,,,,,,
1932-12-06 00:00:00,7.0,,,,,,,,,,,,,
1932-11-29 00:00:00,7.079999923706055,,,,,,,,,,,,,
1932-11-22 00:00:00,6.46999979019165,,,,,,,,,,,,,
1932-11-15 00:00:00,6.78000020980835,,,,,,,,,,,,,
1932-11-08 00:00:00,7.130000114440918,,,,,,,,,,,,,
1932-11-01 00:00:00,7.679999828338623,,,,,,,,,,,,,
1932-10-25 00:00:00,6.880000114440918,,,,,,,,,,,,,
1932-10-18 00:00:00,7.090000152587891,,,,,,,,,,,,,
1932-10-11 00:00:00,6.820000171661377,,,,,,,,,,,,,
1932-10-04 00:00:00,7.130000114440918,,,,,,,,,,,,,
1932-09-27 00:00:00,7.019999980926514,,,,,,,,,,,,,
1932-09-20 00:00:00,8.079999923706055,,,,,,,,,,,,,
1932-09-13 00:00:00,8.399999618530273,,,,,,,,,,,,,
1932-09-06 00:00:00,7.570000171661377,,,,,,,,,,,,,
1932-08-30 00:00:00,8.75,,,,,,,,,,,,,
1932-08-23 00:00:00,8.84000015258789,,,,,,,,,,,,,
1932-08-16 00:00:00,8.390000343322754,,,,,,,,,,,,,
1932-08-09 00:00:00,7.53000020980835,,,,,,,,,,,,,
1932-08-02 00:00:00,7.0,,,,,,,,,,,,,
1932-07-26 00:00:00,6.800000190734863,,,,,,,,,,,,,
1932-07-19 00:00:00,6.03000020980835,,,,,,,,,,,,,
1932-07-12 00:00:00,5.199999809265137,,,,,,,,,,,,,
1932-07-05 00:00:00,4.929999828338623,,,,,,,,,,,,,
1932-06-28 00:00:00,4.409999847412109,,,,,,,,,,,,,
1932-06-21 00:00:00,4.599999904632568,,,,,,,,,,,,,
1932-06-14 00:00:00,4.599999904632568,,,,,,,,,,,,,
1932-06-07 00:00:00,4.829999923706055,,,,,,,,,,,,,
1932-05-31 00:00:00,4.920000076293945,,,,,,,,,,,,,
1932-05-24 00:00:00,4.889999866485596,,,,,,,,,,,,,
1932-05-17 00:00:00,4.829999923706055,,,,,,,,,,,,,
1932-05-10 00:00:00,5.480000019073486,,,,,,,,,,,,,
1932-05-03 00:00:00,5.599999904632568,,,,,,,,,,,,,
1932-04-26 00:00:00,6.090000152587891,,,,,,,,,,,,,
1932-04-19 00:00:00,5.829999923706055,,,,,,,,,,,,,
1932-04-12 00:00:00,5.960000038146973,,,,,,,,,,,,,
1932-04-05 00:00:00,6.420000076293945,,,,,,,,,,,,,
1932-03-29 00:00:00,6.260000228881836,,,,,,,,,,,,,
1932-03-22 00:00:00,7.179999828338623,,,,,,,,,,,,,
1932-03-15 00:00:00,7.860000133514404,,,,,,,,,,,,,
1932-03-08 00:00:00,8.020000457763672,,,,,,,,,,,,,
1932-03-01 00:00:00,8.520000457763672,,,,,,,,,,,,,
1932-02-23 00:00:00,8.720000267028809,,,,,,,,,,,,,
1932-02-16 00:00:00,8.34000015258789,,,,,,,,,,,,,
1932-02-09 00:00:00,8.720000267028809,,,,,,,,,,,,,
1932-02-02 00:00:00,8.119999885559082,,,,,,,,,,,,,
1932-01-26 00:00:00,7.78000020980835,,,,,,,,,,,,,
1932-01-19 00:00:00,7.940000057220459,,,,,,,,,,,,,
1932-01-12 00:00:00,8.210000038146973,,,,,,,,,,,,,
1932-01-05 00:00:00,8.920000076293945,,,,,,,,,,,,,
1931-12-29 00:00:00,8.569999694824219,,,,,,,,,,,,,
1931-12-22 00:00:00,8.119999885559082,,,,,,,,,,,,,
1931-12-15 00:00:00,7.960000038146973,,,,,,,,,,,,,
1931-12-08 00:00:00,8.359999656677246,,,,,,,,,,,,,
1931-12-01 00:00:00,8.3100004196167,,,,,,,,,,,,,
1931-11-24 00:00:00,9.020000457763672,,,,,,,,,,,,,
1931-11-17 00:00:00,9.3100004196167,,,,,,,,,,,,,
1931-11-10 00:00:00,9.850000381469727,,,,,,,,,,,,,
1931-11-03 00:00:00,10.720000267028809,,,,,,,,,,,,,
1931-10-27 00:00:00,11.109999656677246,,,,,,,,,,,,,
1931-10-20 00:00:00,10.430000305175781,,,,,,,,,,,,,
1931-10-13 00:00:00,10.84000015258789,,,,,,,,,,,,,
1931-10-06 00:00:00,10.359999656677246,,,,,,,,,,,,,
1931-09-29 00:00:00,10.550000190734863,,,,,,,,,,,,,
1931-09-22 00:00:00,9.699999809265137,,,,,,,,,,,,,
1931-09-15 00:00:00,10.920000076293945,,,,,,,,,,,,,
1931-09-08 00:00:00,11.460000038146973,,,,,,,,,,,,,
1931-09-01 00:00:00,12.6899995803833,,,,,,,,,,,,,
1931-08-25 00:00:00,13.289999961853027,,,,,,,,,,,,,
1931-08-18 00:00:00,13.989999771118164,,,,,,,,,,,,,
1931-08-11 00:00:00,13.859999656677246,,,,,,,,,,,,,
1931-08-04 00:00:00,14.289999961853027,,,,,,,,,,,,,
1931-07-28 00:00:00,13.609999656677246,,,,,,,,,,,,,
1931-07-21 00:00:00,13.729999542236328,,,,,,,,,,,,,
1931-07-14 00:00:00,13.970000267028809,,,,,,,,,,,,,
1931-07-07 00:00:00,14.270000457763672,,,,,,,,,,,,,
1931-06-30 00:00:00,14.630000114440918,,,,,,,,,,,,,
1931-06-23 00:00:00,15.260000228881836,,,,,,,,,,,,,
1931-06-16 00:00:00,15.350000381469727,,,,,,,,,,,,,
1931-06-09 00:00:00,13.220000267028809,,,,,,,,,,,,,
1931-06-02 00:00:00,13.75,,,,,,,,,,,,,
1931-05-26 00:00:00,13.399999618530273,,,,,,,,,,,,,
1931-05-19 00:00:00,13.020000457763672,,,,,,,,,,,,,
1931-05-12 00:00:00,13.9399995803833,,,,,,,,,,,,,
1931-05-05 00:00:00,14.4399995803833,,,,,,,,,,,,,
1931-04-28 00:00:00,15.4399995803833,,,,,,,,,,,,,
1931-04-21 00:00:00,14.649999618530273,,,,,,,,,,,,,
1931-04-14 00:00:00,15.289999961853027,,,,,,,,,,,,,
1931-04-07 00:00:00,15.729999542236328,,,,,,,,,,,,,
1931-03-31 00:00:00,16.459999084472656,,,,,,,,,,,,,
1931-03-24 00:00:00,16.450000762939453,,,,,,,,,,,,,
1931-03-17 00:00:00,17.209999084472656,,,,,,,,,,,,,
1931-03-10 00:00:00,18.059999465942383,,,,,,,,,,,,,
1931-03-03 00:00:00,17.31999969482422,,,,,,,,,,,,,
1931-02-24 00:00:00,17.31999969482422,,,,,,,,,,,,,
1931-02-17 00:00:00,18.030000686645508,,,,,,,,,,,,,
1931-02-10 00:00:00,17.709999084472656,,,,,,,,,,,,,
1931-02-03 00:00:00,17.18000030517578,,,,,,,,,,,,,
1931-01-27 00:00:00,16.270000457763672,,,,,,,,,,,,,
1931-01-20 00:00:00,16.190000534057617,,,,,,,,,,,,,
1931-01-13 00:00:00,16.420000076293945,,,,,,,,,,,,,
1931-01-06 00:00:00,15.649999618530273,,,,,,,,,,,,,
1930-12-30 00:00:00,16.06999969482422,,,,,,,,,,,,,
1930-12-23 00:00:00,15.850000381469727,,,,,,,,,,,,,
1930-12-16 00:00:00,14.850000381469727,,,,,,,,,,,,,
1930-12-09 00:00:00,15.390000343322754,,,,,,,,,,,,,
1930-12-02 00:00:00,15.430000305175781,,,,,,,,,,,,,
1930-11-25 00:00:00,16.43000030517578,,,,,,,,,,,,,
1930-11-18 00:00:00,16.3799991607666,,,,,,,,,,,,,
1930-11-11 00:00:00,17.200000762939453,,,,,,,,,,,,,
1930-11-04 00:00:00,16.889999389648438,,,,,,,,,,,,,
1930-10-28 00:00:00,16.09000015258789,,,,,,,,,,,,,
1930-10-21 00:00:00,16.940000534057617,,,,,,,,,,,,,
1930-10-14 00:00:00,17.739999771118164,,,,,,,,,,,,,
1930-10-07 00:00:00,17.15999984741211,,,,,,,,,,,,,
1930-09-30 00:00:00,18.110000610351562,,,,,,,,,,,,,
1930-09-23 00:00:00,19.420000076293945,,,,,,,,,,,,,
1930-09-16 00:00:00,19.43000030517578,,,,,,,,,,,,,
1930-09-09 00:00:00,20.68000030517578,,,,,,,,,,,,,
1930-09-02 00:00:00,21.5,,,,,,,,,,,,,
1930-08-26 00:00:00,21.34000015258789,,,,,,,,,,,,,
1930-08-19 00:00:00,21.3700008392334,,,,,,,,,,,,,
1930-08-12 00:00:00,20.790000915527344,,,,,,,,,,,,,
1930-08-05 00:00:00,20.700000762939453,,,,,,,,,,,,,
1930-07-29 00:00:00,20.270000457763672,,,,,,,,,,,,,
1930-07-22 00:00:00,21.110000610351562,,,,,,,,,,,,,
1930-07-15 00:00:00,21.5,,,,,,,,,,,,,
1930-07-08 00:00:00,21.770000457763672,,,,,,,,,,,,,
1930-07-01 00:00:00,20.549999237060547,,,,,,,,,,,,,
1930-06-24 00:00:00,20.25,,,,,,,,,,,,,
1930-06-17 00:00:00,19.809999465942383,,,,,,,,,,,,,
1930-06-10 00:00:00,20.25,,,,,,,,,,,,,
1930-06-03 00:00:00,22.260000228881836,,,,,,,,,,,,,
1930-05-27 00:00:00,23.520000457763672,,,,,,,,,,,,,
1930-05-20 00:00:00,24.489999771118164,,,,,,,,,,,,,
1930-05-13 00:00:00,24.030000686645508,,,,,,,,,,,,,
1930-05-06 00:00:00,24.280000686645508,,,,,,,,,,,,,
1930-04-29 00:00:00,23.690000534057617,,,,,,,,,,,,,
1930-04-22 00:00:00,23.56999969482422,,,,,,,,,,,,,
1930-04-15 00:00:00,25.31999969482422,,,,,,,,,,,,,
1930-04-08 00:00:00,25.75,,,,,,,,,,,,,
1930-04-01 00:00:00,25.84000015258789,,,,,,,,,,,,,
1930-03-25 00:00:00,25.540000915527344,,,,,,,,,,,,,
1930-03-18 00:00:00,24.850000381469727,,,,,,,,,,,,,
1930-03-11 00:00:00,24.290000915527344,,,,,,,,,,,,,
1930-03-04 00:00:00,23.450000762939453,,,,,,,,,,,,,
1930-02-25 00:00:00,23.59000015258789,,,,,,,,,,,,,
1930-02-18 00:00:00,23.280000686645508,,,,,,,,,,,,,
1930-02-11 00:00:00,22.920000076293945,,,,,,,,,,,,,
1930-02-04 00:00:00,23.350000381469727,,,,,,,,,,,,,
1930-01-28 00:00:00,22.969999313354492,,,,,,,,,,,,,
1930-01-21 00:00:00,22.790000915527344,,,,,,,,,,,,,
1930-01-14 00:00:00,22.040000915527344,,,,,,,,,,,,,
1930-01-07 00:00:00,21.309999465942383,,,,,,,,,,,,,
1929-12-31 00:00:00,21.549999237060547,,,,,,,,,,,,,
1929-12-24 00:00:00,21.229999542236328,,,,,,,,,,,,,
1929-12-17 00:00:00,20.81999969482422,,,,,,,,,,,,,
1929-12-10 00:00:00,20.15999984741211,,,,,,,,,,,,,
1929-12-03 00:00:00,21.700000762939453,,,,,,,,,,,,,
1929-11-26 00:00:00,22.450000762939453,,,,,,,,,,,,,
1929-11-19 00:00:00,20.920000076293945,,,,,,,,,,,,,
1929-11-12 00:00:00,21.530000686645508,,,,,,,,,,,,,
1929-11-05 00:00:00,20.299999237060547,,,,,,,,,,,,,
1929-10-29 00:00:00,21.18000030517578,,,,,,,,,,,,,
1929-10-22 00:00:00,24.149999618530273,,,,,,,,,,,,,
1929-10-15 00:00:00,26.1200008392334,,,,,,,,,,,,,
1929-10-08 00:00:00,28.84000015258789,,,,,,,,,,,,,
1929-10-01 00:00:00,30.760000228881836,,,,,,,,,,,,,
1929-09-24 00:00:00,28.649999618530273,,,,,,,,,,,,,
1929-09-17 00:00:00,30.270000457763672,,,,,,,,,,,,,
1929-09-10 00:00:00,31.389999389648438,,,,,,,,,,,,,
1929-09-03 00:00:00,31.3799991607666,,,,,,,,,,,,,
1929-08-27 00:00:00,31.829999923706055,,,,,,,,,,,,,
1929-08-20 00:00:00,31.709999084472656,,,,,,,,,,,,,
1929-08-13 00:00:00,31.09000015258789,,,,,,,,,,,,,
1929-08-06 00:00:00,30.219999313354492,,,,,,,,,,,,,
1929-07-30 00:00:00,28.3799991607666,,,,,,,,,,,,,
1929-07-23 00:00:00,29.559999465942383,,,,,,,,,,,,,
1929-07-16 00:00:00,28.65999984741211,,,,,,,,,,,,,
1929-07-09 00:00:00,28.760000228881836,,,,,,,,,,,,,
1929-07-02 00:00:00,28.56999969482422,,,,,,,,,,,,,
1929-06-25 00:00:00,28.31999969482422,,,,,,,,,,,,,
1929-06-18 00:00:00,27.40999984741211,,,,,,,,,,,,,
1929-06-11 00:00:00,26.6200008392334,,,,,,,,,,,,,
1929-06-04 00:00:00,25.93000030517578,,,,,,,,,,,,,
1929-05-28 00:00:00,25.530000686645508,,,,,,,,,,,,,
1929-05-21 00:00:00,24.829999923706055,,,,,,,,,,,,,
1929-05-14 00:00:00,25.1200008392334,,,,,,,,,,,,,
1929-05-07 00:00:00,26.09000015258789,,,,,,,,,,,,,
1929-04-30 00:00:00,26.34000015258789,,,,,,,,,,,,,
1929-04-23 00:00:00,26.3700008392334,,,,,,,,,,,,,
1929-04-16 00:00:00,25.579999923706055,,,,,,,,,,,,,
1929-04-09 00:00:00,25.40999984741211,,,,,,,,,,,,,
1929-04-02 00:00:00,25.149999618530273,,,,,,,,,,,,,
1929-03-26 00:00:00,25.049999237060547,,,,,,,,,,,,,
1929-03-19 00:00:00,25.530000686645508,,,,,,,,,,,,,
1929-03-12 00:00:00,25.549999237060547,,,,,,,,,,,,,
1929-03-05 00:00:00,26.079999923706055,,,,,,,,,,,,,
1929-02-26 00:00:00,25.309999465942383,,,,,,,,,,,,,
1929-02-19 00:00:00,25.829999923706055,,,,,,,,,,,,,
1929-02-12 00:00:00,24.860000610351562,,,,,,,,,,,,,
1929-02-05 00:00:00,24.350000381469727,,,,,,,,,,,,,
1929-01-29 00:00:00,24.440000534057617,,,,,,,,,,,,,
1929-01-22 00:00:00,25.84000015258789,,,,,,,,,,,,,
1929-01-15 00:00:00,25.479999542236328,,,,,,,,,,,,,
1929-01-08 00:00:00,24.770000457763672,,,,,,,,,,,,,
1929-01-01 00:00:00,24.540000915527344,,,,,,,,,,,,,
1928-12-25 00:00:00,24.850000381469727,,,,,,,,,,,,,
1928-12-18 00:00:00,23.979999542236328,,,,,,,,,,,,,
1928-12-11 00:00:00,23.329999923706055,,,,,,,,,,,,,
1928-12-04 00:00:00,22.530000686645508,,,,,,,,,,,,,
1928-11-27 00:00:00,22.360000610351562,,,,,,,,,,,,,
1928-11-20 00:00:00,24.280000686645508,,,,,,,,,,,,,
1928-11-13 00:00:00,23.700000762939453,,,,,,,,,,,,,
1928-11-06 00:00:00,23.3700008392334,,,,,,,,,,,,,
1928-10-30 00:00:00,22.549999237060547,,,,,,,,,,,,,
1928-10-23 00:00:00,21.950000762939453,,,,,,,,,,,,,
1928-10-16 00:00:00,21.649999618530273,,,,,,,,,,,,,
1928-10-09 00:00:00,21.959999084472656,,,,,,,,,,,,,
1928-10-02 00:00:00,21.510000228881836,,,,,,,,,,,,,
1928-09-25 00:00:00,21.219999313354492,,,,,,,,,,,,,
1928-09-18 00:00:00,21.139999389648438,,,,,,,,,,,,,
1928-09-11 00:00:00,21.360000610351562,,,,,,,,,,,,,
1928-09-04 00:00:00,21.139999389648438,,,,,,,,,,,,,
1928-08-28 00:00:00,21.09000015258789,,,,,,,,,,,,,
1928-08-21 00:00:00,20.8700008392334,,,,,,,,,,,,,
1928-08-14 00:00:00,20.34000015258789,,,,,,,,,,,,,
1928-08-07 00:00:00,19.639999389648438,,,,,,,,,,,,,
1928-07-31 00:00:00,19.25,,,,,,,,,,,,,
1928-07-24 00:00:00,19.360000610351562,,,,,,,,,,,,,
1928-07-17 00:00:00,19.420000076293945,,,,,,,,,,,,,
1928-07-10 00:00:00,19.030000686645508,,,,,,,,,,,,,
1928-07-03 00:00:00,18.959999084472656,,,,,,,,,,,,,
1928-06-26 00:00:00,19.389999389648438,,,,,,,,,,,,,
1928-06-19 00:00:00,19.139999389648438,,,,,,,,,,,,,
1928-06-12 00:00:00,18.540000915527344,,,,,,,,,,,,,
1928-06-05 00:00:00,18.739999771118164,,,,,,,,,,,,,
1928-05-29 00:00:00,19.3700008392334,,,,,,,,,,,,,
1928-05-22 00:00:00,20.06999969482422,,,,,,,,,,,,,
1928-05-15 00:00:00,19.899999618530273,,,,,,,,,,,,,
1928-05-08 00:00:00,19.920000076293945,,,,,,,,,,,,,
1928-05-01 00:00:00,20.360000610351562,,,,,,,,,,,,,
1928-04-24 00:00:00,20.239999771118164,,,,,,,,,,,,,
1928-04-17 00:00:00,19.68000030517578,,,,,,,,,,,,,
1928-04-10 00:00:00,19.34000015258789,,,,,,,,,,,,,
1928-04-03 00:00:00,19.729999542236328,,,,,,,,,,,,,
1928-03-27 00:00:00,19.229999542236328,,,,,,,,,,,,,
1928-03-20 00:00:00,19.280000686645508,,,,,,,,,,,,,
1928-03-13 00:00:00,18.780000686645508,,,,,,,,,,,,,
1928-03-06 00:00:00,18.260000228881836,,,,,,,,,,,,,
1928-02-28 00:00:00,17.93000030517578,,,,,,,,,,,,,
1928-02-21 00:00:00,17.299999237060547,,,,,,,,,,,,,
1928-02-14 00:00:00,17.18000030517578,,,,,,,,,,,,,
1928-02-07 00:00:00,17.040000915527344,,,,,,,,,,,,,
1928-01-31 00:00:00,17.540000915527344,,,,,,,,,,,,,
1928-01-24 00:00:00,17.399999618530273,,,,,,,,,,,,,
1928-01-17 00:00:00,17.690000534057617,,,,,,,,,,,,,
1928-01-10 00:00:00,17.479999542236328,,,,,,,,,,,,,
1928-01-03 00:00:00,17.579999923706055,,,,,,,,,,,,,
1927-12-27 00:00:00,17.65999984741211,,,,,,,,,,,,,
1927-12-20 00:00:00,17.65999984741211,,,,,,,,,,,,,
